0
0.05
0.1
0.15
0.2
0.15
0.1
0.15
0.2
0.25
0.2
0.15
0.1
0.15
0.1
0.15
0.1
0.15
0.2
0.25
0.3
0.25
0.3
0.35
0.4
0.45
0.4
0.45
0.4
0.45
0.5
0.55
0.5
0.55
0.6
0.55
0.5
0.55
0.6
0.55
0.5
0.55
0.5
0.55
0.5
0.55
0.5
0.55
0.5
0.55
0.6
0.65
0.7
0.75
0.8
0.85
0.9
0.85
0.8
0.75
0.8
0.75
0.7
0.65
0.6
0.65
0.6
0.55
0.5
0.45
0.5
0.55
0.5
0.55
0.5
0.55
0.6
0.65
0.7
0.65
0.7
0.65
0.6
0.65
0.7
0.75
0.7
0.65
0.7
0.65
0.7
0.75
0.7
0.75
0.8
0.75
0.8
0.85
0.8
0.75
0.8
0.75
0.8
0.75
0.8
0.85
0.8
0.85
0.9
0.95
0.9
0.95
1
0.95
1
0.95
0.9
0.95
0.9
0.85
0.9
0.95
0.9
0.95
0.9
0.95
1
0.95
0.9
0.95
1
0.95
0.9
0.95
1
1.05
1.1
1.15
1.2
1.25
1.2
1.15
1.2
1.25
1.3
1.35
1.4
1.35
1.3
1.25
1.3
1.25
1.3
1.25
1.3
1.25
1.2
1.15
1.1
1.15
1.2
1.25
1.2
1.25
1.3
1.25
1.3
1.25
1.2
1.15
1.2
1.15
1.2
1.15
1.2
1.25
1.2
1.25
1.3
1.25
1.2
1.25
1.3
1.25
1.3
1.25
1.3
1.35
1.3
1.35
1.4
1.45
1.5
1.55
1.5
1.55
1.6
1.65
1.7
1.65
1.7
1.75
1.7
1.75
1.7
1.75
1.8
1.85
1.9
1.85
1.8
1.75
1.8
1.85
1.9
1.85
1.9
1.85
1.9
1.85
1.9
1.95
1.9
1.95
1.9
1.85
1.9
1.95
2
1.95
2
2.05
2
1.95
1.9
1.95
2
2.05
2
2.05
2
2.05
2.1
2.15
2.1
2.15
2.2
2.25
2.2
2.25
2.2
2.15
2.2
2.25
2.2
2.15
2.2
2.25
2.3
2.35
2.4
2.35
2.3
2.25
2.2
2.15
2.1
2.05
2
2.05
2.1
2.05
2
1.95
1.9
1.95
2
2.05
2.1
2.05
2.1
2.05
2.1
2.05
2.1
2.05
2
2.05
2
2.05
2.1
2.05
2.1
2.05
2.1
2.15
2.1
2.15
2.2
2.25
2.3
2.25
2.3
2.35
2.3
2.25
2.3
2.35
2.3
2.35
2.3
2.25
2.3
2.25
2.2
2.15
2.1
2.05
2.1
2.15
2.2
2.25
2.2
2.15
2.1
2.15
2.2
2.25
2.2
2.25
2.2
2.15
2.2
2.15
2.1
2.05
2
1.95
1.9
1.85
1.9
1.85
1.9
1.95
1.9
1.95
1.9
1.85
1.8
1.75
1.7
1.65
1.7
1.65
1.6
1.55
1.6
1.65
1.6
1.55
1.5
1.55
1.5
1.55
1.6
1.65
1.6
1.65
1.7
1.65
1.7
1.65
1.6
1.55
1.5
1.55
1.5
1.45
1.4
1.45
1.4
1.35
1.4
1.45
1.4
1.45
1.5
1.45
1.4
1.35
1.3
1.25
1.2
1.25
1.3
1.25
1.2
1.15
1.2
1.25
1.3
1.25
1.3
1.25
1.3
1.25
1.3
1.35
1.3
1.25
1.2
1.25
1.2
1.15
1.1
1.15
1.1
1.05
1.1
1.05
1
1.05
1
0.95
0.9
0.95
1
0.95
1
1.05
1.1
1.15
1.2
1.15
1.1
1.05
1.1
1.15
1.2
1.25
1.2
1.25
1.2
1.15
1.2
1.25
1.3
1.25
1.3
1.35
1.4
1.45
1.4
1.35
1.4
1.35
1.4
1.35
1.3
1.35
1.3
1.25
1.3
1.25
1.3
1.35
1.3
1.25
1.3
1.25
1.2
1.15
1.1
1.15
1.2
1.25
1.2
1.25
1.3
1.35
1.3
1.25
1.2
1.25
1.3
1.35
1.3
1.35
1.4
1.45
1.5
1.45
1.4
1.35
1.4
1.35
1.4
1.45
1.4
1.45
1.5
1.45
1.5
1.45
1.5
1.55
1.5
1.55
1.5
1.45
1.4
1.35
1.3
1.35
1.3
1.35
1.4
1.45
1.5
1.55
1.6
1.65
1.7
1.65
1.7
1.75
1.8
1.75
1.7
1.75
1.8
1.75
1.8
1.75
1.7
1.75
1.8
1.85
1.8
1.75
1.7
1.65
1.7
1.75
1.7
1.65
1.6
1.55
1.5
1.55
1.6
1.55
1.6
1.55
1.6
1.65
1.6
1.65
1.7
1.75
1.8
1.75
1.7
1.75
1.7
1.75
1.8
1.75
1.8
1.75
1.8
1.75
1.8
1.85
1.8
1.85
1.9
1.85
1.8
1.85
1.8
1.85
1.8
1.75
1.7
1.75
1.8
1.85
1.9
1.85
1.9
1.95
1.9
1.95
1.9
1.85
1.9
1.85
1.9
1.95
2
1.95
2
1.95
1.9
1.85
1.8
1.85
1.8
1.75
1.7
1.65
1.7
1.75
1.7
1.65
1.7
1.75
1.7
1.65
1.7
1.65
1.6
1.65
1.6
1.55
1.6
1.65
1.7
1.65
1.6
1.65
1.6
1.55
1.6
1.65
1.6
1.65
1.6
1.55
1.5
1.45
1.5
1.45
1.5
1.45
1.5
1.55
1.6
1.55
1.6
1.55
1.6
1.55
1.5
1.55
1.6
1.65
1.6
1.65
1.6
1.65
1.6
1.55
1.5
1.55
1.6
1.65
1.7
1.75
1.7
1.65
1.7
1.75
1.7
1.65
1.7
1.75
1.8
1.75
1.8
1.75
1.8
1.85
1.8
1.75
1.8
1.85
1.9
1.95
2
1.95
1.9
1.85
1.8
1.75
1.8
1.75
1.7
1.65
1.7
1.75
1.7
1.75
1.7
1.65
1.7
1.75
1.8
1.85
1.9
1.95
1.9
1.85
1.8
1.85
1.8
1.85
1.8
1.75
1.7
1.65
1.6
1.55
1.5
1.45
1.4
1.35
1.3
1.35
1.4
1.35
1.4
1.45
1.4
1.35
1.4
1.45
1.4
1.35
1.3
1.35
1.3
1.25
1.2
1.25
1.2
1.25
1.3
1.35
1.3
1.35
1.4
1.45
1.4
1.45
1.4
1.35
1.4
1.45
1.4
1.45
1.4
1.45
1.5
1.55
1.6
1.55
1.6
1.65
1.7
1.65
1.6
1.65
1.7
1.65
1.7
1.65
1.7
1.75
1.8
1.75
1.7
1.75
1.8
1.75
1.8
1.85
1.8
1.75
1.7
1.75
1.7
1.75
1.8
1.75
1.8
1.85
1.9
1.85
1.9
1.85
1.8
1.75
1.7
1.75
1.7
1.75
1.7
1.65
1.6
1.65
1.7
1.65
1.7
1.65
1.7
1.65
1.6
1.55
1.6
1.55
1.5
1.55
1.5
1.55
1.5
1.55
1.6
1.55
1.6
1.65
1.6
1.55
1.6
1.55
1.5
1.45
1.5
1.55
1.5
1.55
1.5
1.55
1.6
1.65
1.7
1.75
1.7
1.65
1.6
1.55
1.5
1.45
1.5
1.45
1.5
1.45
1.4
1.45
1.5
1.45
1.4
1.35
1.3
1.25
1.3
1.35
1.4
1.35
1.3
1.25
1.3
1.35
1.4
1.35
1.3
1.25
1.3
1.35
1.4
1.45
1.5
1.45
1.4
1.45
1.4
1.35
1.3
1.25
1.2
1.25
1.2
1.15
1.2
1.15
1.2
1.15
1.1
1.15
1.2
1.25
1.2
1.25
1.2
1.15
1.2
1.15
1.2
1.15
1.1
1.15
1.1
1.15
1.2
1.15
1.1
1.05
1
1.05
1
1.05
1.1
1.15
1.1
1.05
1
0.95
0.9
0.85
0.9
0.85
0.9
0.95
1
1.05
1
1.05
1
0.95
1
0.95
1
1.05
1
0.95
1
1.05
1
0.95
1
1.05
1.1
1.15
1.2
1.15
1.2
1.15
1.1
1.15
1.1
1.15
1.2
1.15
1.2
1.15
1.1
1.05
1.1
1.15
1.1
1.15
1.1
1.05
1
1.05
1
1.05
1
1.05
1
0.95
0.9
0.95
0.9
0.95
1
1.05
1
0.95
1
1.05
1
1.05
1
1.05
1
1.05
1
1.05
1.1
1.15
1.2
1.25
1.3
1.25
1.2
1.15
1.2
1.15
1.2
1.25
1.2
1.15
1.2
1.25
1.3
1.35
1.4
1.35
1.3
1.35
1.4
1.35
1.3
1.25
1.2
1.25
1.3
1.25
1.3
1.35
1.3
1.35
1.3
1.35
1.4
1.35
1.3
1.25
1.3
1.35
1.3
1.25
1.2
1.15
1.2
1.15
1.2
1.25
1.3
1.25
1.3
1.25
1.2
1.15
1.1
1.15
1.2
1.25
1.3
1.35
1.4
1.45
1.4
1.45
1.5
1.55
1.5
1.55
1.6
1.55
1.6
1.65
1.6
1.55
1.6
1.65
1.6
1.55
1.5
1.45
1.4
1.45
1.4
1.35
1.3
1.25
1.3
1.35
1.3
1.25
1.3
1.35
1.3
1.35
1.3
1.25
1.3
1.35
1.3
1.25
1.3
1.35
1.3
1.25
1.2
1.15
1.1
1.15
1.2
1.25
1.2
1.15
1.1
1.05
1
1.05
1
1.05
1
0.95
1
0.95
1
1.05
1.1
1.15
1.1
1.05
1
0.95
0.9
0.85
0.8
0.75
0.8
0.85
0.9
0.95
0.9
0.95
1
0.95
0.9
0.85
0.8
0.75
0.7
0.65
0.6
0.55
0.6
0.65
0.7
0.75
0.8
0.85
0.9
0.85
0.9
0.85
0.8
0.85
0.9
0.85
0.9
0.85
0.9
0.95
0.9
0.85
0.9
0.95
1
1.05
1
0.95
0.9
0.95
0.9
0.95
1
1.05
1
0.95
1
1.05
1
0.95
0.9
0.95
0.9
0.95
0.9
0.85
0.8
0.75
0.7
0.75
0.8
0.75
0.7
0.75
0.8
0.75
0.7
0.65
0.6
0.55
0.5
0.45
0.4
0.45
0.5
0.55
0.5
0.45
0.4
0.35
0.4
0.35
0.4
0.35
0.3
0.35
0.4
0.45
0.5
0.45
0.4
0.45
0.5
0.45
0.5
0.55
0.6
0.65
0.6
0.65
0.7
0.75
