0.0956240954066761
0.463593689725859
0.594348421624766
0.219678016201316
0.548902940830233
0.55423732564658
0.876205676215817
1.13199585256889
0.83456232653371
-0.147731447988235
0.543753231560755
-0.942995144224285
-0.700638911522966
-0.467134024272738
-0.952072065204538
-1.06028908439793
-1.14376255202755
-1.05445227766958
-0.83177120893587
-0.359628092921375
-0.222132018720104
0.150892248360496
0.728308293898881
0.910153681572172
0.187416487167728
1.64680081973814
1.86078645806962
0.236375059018119
0.788137478524691
1.29361235870508
0.303790647918
0.790596202057868
0.356635053933194
0.483975215502411
0.207041184571031
-0.725657139260766
-0.962807709437998
0.314492099047775
-0.657646156177914
0.00620563495650733
-0.328030250469982
-0.00534438746560195
0.117854420849806
0.852396732077703
0.630442130954935
1.33672173958335
1.35380489905989
0.995219065766974
1.35028339230896
2.00142263482017
0.822675890318091
0.769336684931027
0.850210641370411
0.381123614150832
-0.163170722841079
0.0402464418145997
-0.133645902010966
-0.0320886032583229
0.0174444452882831
-0.257782782938225
0.485143445220138
-0.132342721631668
0.444011292025897
-0.114753685732466
1.14314223278443
1.11656835179801
1.42889958422717
1.12994434770013
1.73571026818369
1.91343683136469
0.635350641276978
1.21947937530941
0.837441225801584
0.843070383469634
0.0229899396722149
-0.570806050341921
0.0171910452681285
-0.769551765823656
-0.427108376088758
-0.763800875177823
-0.461198252798812
-0.447697419982345
-0.248666257066749
0.529115916900033
0.000211252246756999
1.47882534980581
1.41464547718385
0.610865966961526
1.53059908735562
1.58348163811464
1.5400890605244
1.45520632421409
0.548462833255568
1.21727394632417
0.932891335005228
0.671443477829954
-0.102849041519459
-0.678579925936303
-0.100217761286768
-0.568922754220473
0.265864194816022
-0.552592609993907
-0.618944833075244
0.513545061599885
0.845099488775332
0.940653207022399
0.668441385661703
0.63151076404883
1.36918580961183
2.10485589591328
1.86188833393755
1.91091891388132
1.90840454695308
1.41142864662142
1.17847616073341
0.523266881304371
0.429490978984076
0.358807995393768
-0.422388870253479
-0.460359716765046
-0.0509639838025206
0.106688752708576
-0.404043877409927
-0.559876376833834
0.627598096772995
0.201740930148395
0.600988921052808
0.787582900077434
1.49938399518988
1.60245124374359
1.81378036933354
1.60587242382501
0.901519321422221
1.3121847779868
0.655303536172611
1.46455156677795
0.918582345049541
0.429281441325343
0.62472073801323
0.109288079348211
0.149421331933888
-0.493904051356538
-0.903021066027412
0.814207492218795
0.92633369233386
1.02295133049394
0.832795252104962
1.19344251970002
1.52900779492744
2.0304732349372
2.18419045023707
1.88304377927461
2.47904039281956
2.95768875897166
2.35351271404435
0.738977280611774
1.34017558635723
1.22830769883895
0.459118915008063
0.0687601999719718
0.268004459918728
0.24612164387234
0.0569925353079588
0.312472491498574
1.00978142186733
0.118253502387867
0.0859907850369804
1.67768826098992
0.728544827425375
1.43981983334756
1.68754231252734
1.65972681422915
1.49450926720619
2.30139052384092
1.99986185536651
1.87098350049583
1.62765639200119
1.74394323419761
1.3064753721362
0.351097179882655
0.624957534137634
0.293550413495831
0.02288314103939
0.941740669431829
-0.273313606495231
0.279377481940029
-0.614968921508864
0.758423875567903
1.00651741452579
1.3050358671602
1.81770115384885
1.75303138756038
1.80973957934094
2.85356609696909
3.31199408169062
2.50528694752209
2.41736786017294
2.40362200076101
1.94800124394361
1.92671891085652
1.72052348597278
0.833913012901182
0.819663967389145
0.522198128556164
1.1681894715543
0.302782691787007
3.12667313971499
2.32878438066537
2.55852516313054
3.13544508554672
2.51515130953177
2.65429508665837
2.44636137452751
1.77204030485269
2.43224710006368
3.00010004880234
2.91937223768188
2.19546839023176
2.15203867646284
2.06705964242569
1.94559881753189
1.27138415338103
1.25297759199031
0.324303927523849
0.427395652056834
0.793478678866254
0.161208657000577
1.20771285033417
1.45914176580962
1.24227491624367
2.51569805716021
2.19071224848226
2.6863703003125
2.80268752862021
2.16531971613936
2.69478762742652
3.46052451256511
3.09029094313316
2.29928848516615
2.26324146705968
2.12650786270663
1.77661754965632
1.65868315931488
0.880068690806383
1.56444434126466
1.565123645993
1.11434717839661
1.42416914791119
1.21494026657067
1.81988393038919
1.77151578181555
2.57802514394346
1.63242258585657
1.82582307296847
2.5301538964013
2.47246486721961
3.2068134560533
2.53053755945322
2.41210206193865
2.33479248042049
2.41515912465034
2.59300233589457
2.00890454365676
1.9662331719046
1.24121444204406
1.04278612804166
0.800306911490556
0.120125828478591
1.19428968978637
1.03675596027696
1.0162662093021
1.40156467195216
1.45892074986267
1.9893115000127
2.76359866476226
2.36451070850465
1.9188202732831
2.40912618501988
3.07285255464769
2.96995239321461
2.96376249752773
2.10840761060419
2.5708744364113
2.3510131044958
1.43069483962797
0.998231903574659
0.987045626941688
0.327233641029779
0.944270274345737
0.490723146758754
1.39904196668423
0.487229933193711
1.64304992070047
1.89572966846574
2.20167170238522
2.65996368092343
2.30752638575429
2.63988183795918
2.86399983668509
3.32034981135793
2.60164886553576
3.12039951930248
2.72932099405776
2.58927975039161
1.96102793536857
1.51630291977552
0.636709517766623
1.96653091209092
1.50766742513583
1.31128342655412
1.32964180808927
0.740312945881136
0.901237712828488
2.08000339356603
1.33196931301914
2.47790824210991
2.98082658587577
2.44371272671933
2.91862702496954
2.78173554351025
2.58487439825278
2.48298937030225
2.62448867931664
1.89445464967011
1.803322967262
1.94807372148011
1.54545629563306
1.2517608721959
1.02442743972078
0.555187970422544
1.27836631072715
1.0843149090725
1.14617247204689
1.61634129304518
1.1059208661009
1.30381462578145
2.38602043501824
2.70080281969555
2.00938066723882
2.59634490499298
2.04510056123583
2.67383534740859
2.29694552155207
2.10943858088799
2.06355484625473
2.91120938836795
1.85531139521685
1.35670987060632
1.3699336016983
0.964374509368918
0.253381822650015
0.828805482498897
1.4186148078712
1.37315045380301
0.207515258043525
1.15000412841949
1.23318347518094
2.54409767038644
1.68738597432592
1.28202854175362
1.95148112372053
2.41618092996946
1.8409648274184
1.78655868631281
0.820950101427406
0.81619993771357
1.01952010446874
0.746935437986935
2.14099949292914
1.55840219301153
2.8002000832278
2.67415996596452
1.84927982656391
1.13646684946053
1.24029257035576
0.236780795872619
0.487088763195474
0.11793309362565
1.31895463659749
1.5967512828447
1.59973850401347
2.72794690446653
1.74007826053212
2.04560593742725
0.485488572572826
-0.184307030063196
-0.0322752684517453
-0.896104315686619
1.35695672768099
1.22686606208331
1.8840103461652
2.84168889725368
1.56440468289933
2.09294582227644
0.823712990632633
1.63059478368889
1.46967121875817
0.414069364886513
1.0185332212178
0.338372415006863
0.605066934420309
-0.617151788933448
0.0327004305919372
0.277517079868071
-0.403914337118775
0.125405489300468
1.17639091002272
-0.0253212892596482
0.979502317123229
1.56611424528911
2.04198803947994
1.68824237388515
2.17265914919167
1.84159392712337
1.57741323047187
2.06680329440562
1.22995549725559
1.4119821506755
1.65646507131352
0.62352596091817
0.512694581131937
0.175882571650045
0.210987440021275
-0.229614360662524
-0.848593394535717
-0.189455978789801
-0.478062408448745
0.637535389764912
0.977770276627079
0.4245170999068
1.48743191916582
1.29311974809456
2.06824949977007
0.883873015820011
1.86011566235969
1.88750412925087
2.11587594349418
0.930123867607967
1.46197990257301
1.54267765448955
0.269679151131491
0.946240069102064
0.734190827721794
0.0762684628190551
-0.768054724325997
0.0614542248465718
-0.0570375011382835
0.794208163501722
0.560395258604639
1.13681286623198
1.58448550936535
1.49520862331833
1.56998064500913
1.19925357099321
1.80873864984353
2.35099628874586
2.50969401891126
2.30462716300704
1.82071987457642
1.02109222830221
1.16127847014171
0.842087985706307
0.718333283172788
-0.260205413115111
0.082778945463865
0.224428999969341
-1.09343171350013
-0.420564167244106
0.457303940706854
0.940060509471369
0.778832318656275
0.362540342359699
1.06748494414882
2.26618199891676
1.1670940363335
2.12380819406817
1.85193391532219
2.29701316359483
1.59916441000346
2.00860439942325
1.86655618800395
1.02912721577126
0.939866971490241
-0.0100747206947565
0.116120283928805
-0.131775556774018
-0.116205771877734
0.105496167606107
1.08498300079343
0.88764584015032
1.03715801908775
1.1308818515002
1.34036529158518
0.706900636701477
1.78522713490022
1.20150429931222
2.73829461200012
2.86084490052178
2.15639557306058
2.01709129963895
1.67708535717282
1.39835091858491
1.31584445908483
1.32703188992964
0.77757873542328
1.39746515574336
0.319163867649046
0.74910277075798
0.523958373206884
0.493439400683993
-0.248629620221741
0.432688193637044
-0.311835071007546
0.301237646073108
0.75698328324567
0.797835059337977
0.24339952719293
0.190952828278227
0.900139979754369
1.42541603893808
1.42510298657491
1.15369854381185
1.42873173093724
1.45603092039541
1.27621457888262
1.11617130634835
2.12157220450169
1.67400706242557
2.45043204362214
3.18540325446595
2.38222190037914
3.22030751314264
2.32011295032327
2.11727381528469
2.33183013183854
2.02143892878843
1.38369555848163
2.2253187834428
2.19310412898131
3.06244206363136
1.14876470301829
1.38328240297784
0.980334805561729
1.16867636013566
1.56068188122507
0.246526367132592
0.725055614670395
0.710953614978744
0.0861065157185227
0.0949371446297773
1.1587264761325
1.21284657658587
1.82395844263402
2.27437890072821
2.39953297675865
1.63507757170021
2.14341272440251
2.13002199790548
2.26103829746036
2.42019144679853
1.48493349223453
1.73209511411263
1.6258133985482
1.3982347944649
0.404971818005001
0.666244204426036
0.635113590220687
0.269891282031156
0.598521625581293
0.611016041181984
1.62256487000649
1.19101184499517
1.38529811573031
2.07418728049732
2.13287287904096
1.79328290529067
2.96778490419269
2.84800377974396
2.24084041229636
2.51227610749818
1.35489584462231
2.16700123875369
2.19905567782674
1.99040968887826
1.19990153348044
0.910270043893996
0.259369335560459
0.690508286234529
1.18930699328364
0.873126701332023
0.840381494905112
1.24572620407943
1.62781544798151
2.50404237373973
2.52392859473319
2.44199297353543
2.79319255452234
2.12503875028809
3.45729255285427
3.03149732642191
1.91620839676113
2.08585844857515
2.19627481153292
1.79761616560669
1.14567628409019
1.5995274478569
1.09790629346761
0.0887617288033202
0.5518020032873
0.571160126428224
0.633453095609148
1.51809437568445
1.32038963326117
1.59128688792165
1.84791746624553
1.51718683255233
2.06517594799133
2.07443265500015
2.4194006338295
2.19719892976514
2.34595215946807
1.98532333463526
1.59429218547931
1.11173028014435
1.75579613416616
1.12942647830419
0.491633091222546
0.689327145190905
-0.233554470449
1.08463842189322
-0.334497142989916
0.155047057949672
1.43819087770748
0.766871074799464
1.18297881675311
1.7925565422762
1.52047712763371
2.5891333736088
1.7337829240107
2.07310348442617
2.02928171338451
1.94486559182502
1.91816894690232
1.46398136539525
1.79641172786146
0.958973133810322
0.822946982402336
0.155687571108972
0.57994482590924
0.79592446436589
0.703883849239301
0.0165855301919008
0.54836201800018
0.597284131989574
1.39743598670123
1.25441635963579
1.86663605458992
2.26376668512255
2.95427108329814
2.24478999588116
2.22890594316644
2.70303795455111
2.39474425805556
1.63441220427872
1.27433582729343
1.55161962921712
0.84859659895868
0.976366537808592
1.16167968680237
0.57924295146423
1.15006109767021
0.227485392423592
0.760575761090584
1.12147402186796
0.772641070502215
0.93309061846551
0.76062535282156
1.83684030755431
2.36744630801352
2.45070215854264
2.44099927305245
2.24693436023521
2.23768210955754
2.68660251825862
2.99752860617031
1.65406467597278
1.49286898786368
1.69376519958746
1.31853400864612
0.835007591666242
1.11454175677201
-0.231390637129637
0.285829008638993
0.696082249937644
0.0988690712883306
0.766828535031776
0.928136058755922
1.02271004925016
1.79928051606126
2.20484621892399
2.33023495413106
2.03936816826582
2.74602503410037
2.58469436473058
1.99166951913671
2.31284083370754
2.93563617280544
1.96084393750372
1.42747502726592
1.44481056754027
1.02572763337029
0.757341580215023
1.06228412761347
0.568215095980328
0.183734263632177
1.03890582626234
0.451905580034458
1.51076007622973
2.02966753509661
1.84643786023976
1.80012353781737
1.87970087476172
1.97601840628664
2.3409690669022
1.82813964903908
1.35455467345877
1.84842923521772
1.3605903867105
1.13471190864645
1.11192349833801
1.45224399400769
1.54437764192372
1.12483663679605
1.17363547794022
1.74276832969744
0.968201592718906
0.821168933298339
0.542829015360233
0.756555883518322
0.865019547196278
1.64213314916041
1.44069681778093
2.55574511924764
1.05213116109896
1.72655861710235
2.41713700992104
1.34924345375624
1.29473492456576
1.82972097393903
1.23298248658087
0.820574244915115
0.502266076805794
0.12130577725084
-0.107885022574864
0.0962161836883454
1.14213365686986
0.294652600679681
0.782994589482111
0.846320257313041
0.896307796496638
0.987446593052112
1.42868380367596
2.27717374917465
2.33018033371532
2.07360493190555
2.0644625192864
2.09491993529889
2.17027808169746
2.65579678506033
1.65855768465579
1.44361028303493
1.45996116062622
1.05234582942136
0.304945113945983
1.38134261751359
0.0851460787173683
0.0559708280871775
0.723153569812679
0.273300961359855
1.12154671594464
0.885853030390085
1.92725416212737
2.12307438781999
2.64810158635826
2.91433296068562
2.74295226573546
2.57206345001905
2.35225744152937
3.06448886498669
2.53902234532252
1.66213076134205
1.19664508622446
1.14135861741774
1.23965694891185
0.411070817228122
0.498165622406195
0.201637754649578
0.225418901168846
1.04220998585857
0.979329003815263
1.57933940603638
1.10223904959239
2.29070277645827
1.78187640831655
2.41111627399979
2.18601227315105
2.94094978627662
2.20081616657662
1.89354846763825
1.80923010482456
2.07176977595517
2.24986543907847
1.02792463139554
1.61374957598525
1.88343460071591
1.63138131896321
2.16430178063262
0.759819362975322
0.506442182590244
1.04742670790352
0.648196525076516
1.54058718389157
0.435174713112622
1.28088110603626
1.91610919881518
1.8117767293634
2.45422661237858
3.10137664227081
2.87880162842756
1.62163624287373
1.98417996599325
2.05920871887265
1.46826239535852
1.79861441663817
1.46169000200351
0.557417264317868
0.41538000826679
0.359028837462244
0.287956723383762
0.377576562025632
0.151748895241142
0.842180543643186
1.21438369273961
1.03505974066618
0.822985378495068
2.19504887427626
2.01018603868807
2.87702321547816
2.17659648792508
1.79013978600822
2.23207819740818
1.96918574384184
2.73833281047978
1.43129499867195
1.4196335751523
0.541473078035867
0.430594897292973
0.376233353588786
0.218504679593207
-0.0780455010698941
0.42153251849595
-0.0654868795303298
0.384003728909063
0.304632083535115
1.15079332984874
0.91112365897615
1.10408616673562
1.62012551934561
1.65888796402311
1.64351470852973
1.52945404451315
2.69995406452541
1.82700368416507
2.21123388011244
2.04253242222866
1.34126151670888
0.485664027520641
1.05299718369764
0.162237653800503
-0.208969319651276
0.849262565037083
0.322590512093242
0.265379336453267
-0.119693209856881
0.664433373979227
1.49533204209872
0.780842590752437
1.76608550761114
2.27997311049787
1.98116205885602
1.80759178767416
1.38795005155818
1.72844304884014
1.81420831095789
1.11309605911837
1.17086054785972
1.04705424231761
0.403331692885829
0.377747575090191
0.021153402697402
-0.241991452442238
0.563605760263869
0.475338012028492
0.134977634749452
0.264465954283063
1.00720803796577
1.08635991107446
0.899080152291268
1.50178814863113
1.49690733651131
1.84117313378363
2.14333425840161
2.22594222540633
0.798353687291043
1.40707775743475
1.2278797857847
0.565463068037314
0.931368342511131
0.0724582276726371
0.311901355555307
0.383594303311823
-0.269425608459223
0.0566941410886837
-0.556124648786133
-0.28627947854638
-0.0899146603560341
0.517295097192064
0.761218148863737
0.823608517901481
0.743592232247562
0.925861280439065
1.28015352297249
1.71587132499609
1.51233220558242
2.05737577809914
1.69621318143625
1.33546102164389
1.08918078367106
1.17398243596598
-0.439542670810155
-0.108361516886
0.485690773936409
-0.330846570076878
0.127797437413238
0.516564261083002
0.203359417856732
-0.375862908011912
0.323999886089359
-0.10886479514402
1.86727668009807
0.904699659244686
1.8337428651168
1.53792439710487
1.39247664033658
1.25419341408806
2.12956287333506
1.14172197221363
1.29102979818562
1.04107048261393
-0.413887854313202
0.82736084185542
0.775862247321375
-0.156624882111402
0.358838512307263
-0.0096255041739966
-0.0534436568241398
-0.0878565623559955
0.319184661660655
1.1849358893341
1.084935451304
1.15194857985961
1.38866771308194
1.23182380634314
1.48763962540427
2.26337395606404
2.04622641409715
1.59403730358747
2.13921877216084
1.41610440313366
0.835441409590421
-0.619006997854357
0.574912297698618
-0.548708815014095
0.404621372321856
-0.566178024428664
-0.0177047133902797
-0.222097934361917
-0.183443376363578
0.16053673715197
0.513767603603302
1.27226737739207
0.897216648903535
1.83715820182792
1.96441161687765
1.86597979114839
1.5942908486669
1.39708470866931
1.60871891561211
1.15625821230816
1.44351929704078
0.766506755271451
1.15472798485137
0.703362217010838
0.183346456992923
0.400741145856855
-0.240391171738088
-0.0727081570405267
-0.696851928847622
0.457162387329088
0.231050682044384
0.581772173983357
0.740928478642121
1.35513426810716
1.83442483968275
1.19639284865065
1.09595334334205
2.05686152644467
2.22603853229063
2.22269226148343
2.14891563378124
1.15740470727158
1.56595776655838
1.17559725575465
0.50075684014862
0.210148211206112
0.188481209142397
-0.0486628031653054
-0.28818202301666
-0.527437567303151
-0.102794968021207
-0.657720921482797
1.04729845767665
0.963325088303541
1.67266479812908
1.75208465211665
1.95814489590651
2.12612760885834
2.52647057049515
1.63735396396154
1.69334607747659
2.10459588528433
1.73624610123594
1.99986950888174
0.941794767880364
0.890687359426253
0.472996825390389
-0.377173547902205
-0.654818541220583
0.193887621538209
-0.513630835791168
0.388792775983995
0.441391412026176
0.94271872010589
0.982732520995638
1.38475758256693
1.66974070630259
1.75797577989169
1.63945857020812
1.78634375628192
2.4293844797655
2.71663585708171
2.20303663831876
1.25000912917099
1.68191451055369
0.737552180400593
1.43934823586798
0.331845182363677
0.533866401097734
-0.145239016396903
0.440809156304337
0.825996726482545
0.484984211033706
0.989312125190996
1.05369095975946
1.43512312511857
2.11386052904562
1.44015155939122
1.74667354066096
2.4894668550557
1.72533821295243
2.47055871923071
2.40393913421024
-0.216083791988034
0.243286665801821
0.0262260350561819
0.149490973435039
0.284949969959495
-0.647393184084262
0.512060991588973
0.164105143688266
-0.103540832452611
0.408429766207636
-0.388291151268025
-0.0136193632895196
1.21258992664105
0.934487906281734
1.18918481840789
2.07403976481978
1.94440694386886
1.91346548802794
1.99474191336815
2.02570491898873
2.44334563303388
1.36423921616194
0.865994632139534
1.14914662350244
1.0677543282782
0.671987955371883
0.355319179044495
-0.400323592663368
-0.548226270072939
-0.22339611611125
0.144275906430061
0.152072225836324
0.365514728810114
1.0670952871475
0.981460628112205
1.79634299379524
1.26577678129264
1.79261902675726
1.98257737100031
0.993687575096818
1.85687635003423
1.7267787001457
2.13208297589742
1.59565250619461
0.682278853741604
0.519260636771932
0.0568795990399986
-0.811504002975916
0.631893740625451
-0.817193121938671
-0.705613088705501
0.414669476522289
-0.144559012257165
0.35238542019701
0.491184013710761
0.31635185023601
1.55974041896713
0.385809295080687
1.58773191649884
1.65629304149937
1.45147994274872
2.09265197739514
1.44816126089478
1.68266087620829
0.533369043894604
0.845179990479586
-0.279438687502823
-0.61223831648241
-0.396093023062345
0.027519907741222
-0.118195285126416
-0.875767115876625
-1.02531320232486
-0.497013360568786
0.34356772125127
0.501306437446523
1.02476261136194
1.33694576632044
1.23711164655399
1.49296392153292
1.39046750048088
2.01216480036444
1.36661717599111
1.93363978067156
1.29842009606552
1.6887111410196
0.605664914941971
0.37034438623024
0.595345365196686
0.172540168929853
-0.801180392720871
-0.322152704026726
-0.083242125806078
0.336818463791461
0.0824348109316685
0.755237042069731
-0.0725003918081917
0.423231706068807
0.9660773141027
1.33494338857741
1.76272466826563
1.70920256513434
1.7844988437137
1.523832727716
2.03182415455887
1.58023172275693
1.39847405899656
1.04778272769694
0.65822627238993
-0.274510267214264
-0.02108397974204
0.0631675063380307
-0.653799585847179
0.0062644123379921
-0.478587961864893
0.0118225238209765
-0.45814205260481
0.0332344426128294
0.17401840936427
0.513319890316571
0.720682771937413
2.30599656304272
1.17682940462945
1.96045591768513
1.79581539225407
0.20447053038679
1.32571918407124
0.652182646655637
0.167752313190801
-0.461393608543679
-0.00581267473225949
-0.586862513604579
0.0509397279624717
-0.977625682083405
-0.599758071161737
-0.0653461376135872
-1.46091691664689
0.0103398952376243
-0.0658629097885071
-0.512980744695021
-0.290865090324875
0.972548627661154
0.699657876614244
1.58352353308006
-0.153150964530071
1.25540005831729
0.831925281202738
1.85989441622446
1.08151551135448
0.206585808736973
-0.452720946527142
-0.566089469839365
-0.679775545568562
-1.03045954812969
-1.0072134949205
-0.63399834906745
-0.462469695773953
-0.0282359603677381
0.337512502427618
0.307481032572728
