0.263870919428733
0.449007556452782
1.17089612104503
0.41075205550961
0.699805691477959
0.67974704664945
0.819221257908712
1.01879322690862
0.814977132648204
0.316074459787457
-0.0538053882508376
0.020487698104257
-0.820035253644133
-1.32226372401117
-1.04200459688328
-0.164659990488248
-0.628995835441548
-0.833406927753926
-0.524760069999283
-0.411768403511986
-0.178850808160442
-0.1407404636465
0.471885052433376
0.9581198276012
1.29990056826598
0.96480356187792
1.47410939954029
1.37025919756153
1.29955687566647
0.873293041335181
0.608378169131345
0.306783780347727
0.353905224742036
0.024058701853027
-0.384963500596708
-0.748445376285269
-0.739552722657537
-0.0270744848517271
-0.549421286243183
-0.226149460002301
0.208533408859136
0.274957661912048
0.213161908774103
0.177564332373884
0.652957807529445
1.08720851132882
1.52249468038127
1.64873170925796
1.15633487918193
0.697379538233158
1.60701644411726
0.684239786261056
1.06118553372673
0.525830906724595
0.101308323146614
-0.375108642356364
-0.115679611208997
-0.826520030779772
-0.33691771537639
-0.411811062406767
-0.0935030992204738
0.657603576111606
0.357967691984875
0.288181599138085
0.803581112184968
1.20205495485395
1.3869692107804
0.28552091179881
1.40639191209798
1.31623374414802
1.23026446209352
1.26330695751723
0.157925298348987
0.562457833414048
0.191478731541492
-0.350574264684101
0.0472516774355759
-0.413176728694076
-0.657689337827005
0.18805958994081
-0.11447985426442
-0.15544432933556
0.155372140216504
0.334727247314405
0.970473376128013
0.261483928196072
0.970405696239224
1.28043959509295
1.24996613834658
2.1385810872641
1.03683753504988
1.22183443989628
0.612744567360187
0.574734195130628
0.887583623041535
1.1191930203832
0.0911233182855644
-0.040391760051644
-0.37689996093364
-0.900192960032899
-0.424937911748202
-0.11421743607553
0.10386506794484
0.237552479946857
0.245404438755972
0.781810162112171
1.07324750346475
1.80892545677712
1.74249924731722
1.54549273909107
2.13071744830238
1.1341883971211
1.31818965979153
1.58173296582048
1.25943526980158
1.04241996426112
1.04934666825792
0.237962512276315
-0.0942577270292845
-0.07019087541657
-0.00266124211582776
0.224487528670392
0.127091575393538
1.0496967293573
0.691111989632277
0.380653225745144
1.10726846335782
1.01886752850052
1.04772475706153
1.90314472521829
1.3494231485496
2.06974531571488
2.18549109973341
1.1962941198341
1.29810590329156
1.2296091917581
0.991494053421609
0.761955457953919
0.969402817746673
0.621164462779191
0.235914580597401
-0.229945084675437
-0.0144844623694942
0.85319727663743
0.597758126425423
0.671001536991201
0.880745005281341
0.977758252985541
1.2089490872136
2.08638404040317
2.05426775844087
2.08155908651112
2.21175509294555
1.59447947253399
1.75747052107309
1.41972737464844
1.09692287392325
0.782909016809524
0.188755688314195
0.423600309295559
0.155752074261685
0.132910905021262
0.303001416237533
0.0139871917951443
0.11927584669771
0.196827340887881
0.806244976558832
0.693620451476239
0.980974784636909
1.2422996199491
1.72194090408175
1.72156497386107
2.22861465147099
1.93829876648457
1.29872632864858
2.28390651556465
1.48206870200016
1.53406290137457
1.36540056821908
0.590005571381539
0.431828638515803
0.209390959479152
0.0553519502584344
0.118361698715326
0.413111543567926
-0.0113519375499464
0.893555807527256
1.00193815582902
0.95987575163836
1.38966030064245
1.61738191843793
1.88358212343726
1.97360220684087
2.37359012149742
2.0303753113947
1.9770671294192
2.21301981007621
2.20703814824097
2.00245741574174
1.3676287901796
1.43411712488238
0.948823664965596
0.89455572012551
0.801690893551342
-0.0013557987455961
0.465343971307293
2.58615103473866
2.89888960378
2.59659698957741
2.84588683791023
2.89225687575968
2.38845562771503
2.5925235610474
2.90586857195484
2.89297488864672
2.71560751016292
1.77657579343682
2.41978629663612
2.77175600859885
1.91073219381037
1.44861629561125
0.867949416105685
0.856812050786588
0.726491477301947
1.07281047485042
0.966401571648297
0.871817179215348
1.42692833112484
1.09540396101607
1.42850003176957
1.67423551748076
2.06373819835258
2.24051201277865
2.64985040947967
2.33575025930559
3.33817075278397
2.48227967013053
2.87332277828131
2.93253924200827
2.38026042444839
2.37106464517752
1.89891225999132
1.65788623333957
1.25242059252851
1.14765377273788
1.37309489971145
0.50759526310294
1.23720767643388
1.47916631265317
1.28188684061943
1.99971428754371
1.98798982051804
1.66655743520448
3.0650837192656
2.349179739479
2.62657537470423
3.1588948227234
3.42736848615891
3.40474987479256
2.82987458298871
2.97376250355415
1.92039328739946
2.26026601105578
1.90579252271401
1.72018804329954
1.43150003542583
0.834119526683736
0.871199904471163
0.898149096101495
1.22158848876167
1.06703781999319
1.86601728913155
1.574670946822
2.12499949019652
2.34086027874154
2.53982710340538
2.55615622423141
2.60695134419177
2.50559202627588
2.99599136890866
2.69029923338689
2.37319606257583
1.63214130752271
1.69411692137555
1.35271825400511
1.12627184282969
1.28067862846023
1.29656986578079
0.176633041941623
1.05528311776594
0.876931206325713
1.643336830501
1.77181269868852
1.8051760547946
2.68825623388835
2.49420507822126
2.02533539788215
3.41288556451914
3.57602897446943
2.72738901533231
3.24223929578175
3.7322734800147
2.29220578121731
2.6736729157188
2.57433816824216
1.99374775637558
1.63075330231849
1.30881058884004
0.88896614680693
1.23725250727714
1.25256172800888
0.929829032670229
1.33086689064789
1.32050691975508
1.68565279728337
2.13840920165641
2.34870480898928
3.31539126785978
3.21216256589452
2.76323729109649
2.73302253695838
2.9375774424125
3.13445578219896
2.9761769482101
2.27196966604953
1.44702211457852
1.64865707337489
1.76366772027195
0.774348651224309
1.11943050193043
1.1355669360338
1.1098509844226
1.65213667294546
1.91540554878291
1.47724651247472
1.93359268053998
2.12638879835019
2.48748180592402
2.53235932779396
2.33287429119579
2.81169465172737
3.03788862185663
2.54194718523076
2.44741549870002
2.57328945382675
2.45757188161697
1.25179735515207
1.45146363517805
0.966496250534749
0.696224948336519
-0.146262518469265
0.0673909461101292
0.701973455531113
0.100776707226573
0.953868260475364
1.44265706942411
1.41150397882238
1.89701193447675
1.8054586068354
2.52688611719768
2.06424933925888
2.19361995349908
1.69275805299294
1.03983447856198
0.986512706788844
0.390326195366577
0.791659293006492
0.719078794719316
1.47786373844702
1.59982225405034
2.78626637930612
2.57462825821393
1.80095545137761
1.84867660978822
1.41949457740147
0.119232137816017
-0.139346899030967
-0.0556608370034197
0.660819720164126
1.52697028163695
2.55248980906668
2.23752881551702
1.74368656539605
1.29520882381766
0.902532614534939
0.979843089111491
0.58287273098884
0.759885216875372
0.480672352264474
1.53903334380678
1.39888834956288
1.77134989156266
2.16606737691758
1.8951471718718
1.6763458764171
2.15080952753479
1.48914165169614
1.46772248209395
0.660087336074654
0.485299803907833
0.432655901772782
0.391271680693008
0.252494667727802
-0.285724285266291
0.211905274811102
0.520821836536902
0.724176780685802
1.36073569522983
1.74454293397178
1.05967814906903
1.76528791511554
1.78487961932543
1.92184523999423
2.20805051473877
2.05860548245816
2.19341082681655
1.6213831236134
1.3710398588434
1.14361361066719
0.952168670356662
0.853211710382275
0.309411221717944
-0.436358076651096
-0.357820575450794
-0.426484605020561
0.115208305778232
0.707123903962153
0.71555938549729
0.723797545842198
0.970466844714873
1.2182693324537
1.40553015202448
1.4554815272285
1.9808641165072
1.45178635662245
2.28705435940978
1.62031380142345
1.02826025417697
1.46442345435184
1.07265780027748
1.29732478863584
0.194346706984663
0.80565464233552
0.0661301350913416
-0.0692481191794331
0.0726572516170596
0.584173212075182
0.262718504967027
1.53771470155303
0.954662524727813
1.75547718769854
1.81214755069905
2.44908354795778
2.25137032673581
1.91052239735394
2.23642808222513
2.76830805627627
2.17960839915577
1.49767624016294
0.936342564726562
1.09946894323905
1.51760388873443
0.295902755850921
0.52166561614411
-0.0321418703520245
0.608419734255373
-0.163426103441417
-0.0772401767125708
0.271833473116267
0.306381467911678
1.15481610022788
1.37302196351979
1.31291418219241
1.49598086325014
1.4253444926181
1.43029192788315
1.82372404488512
1.96454997100727
1.89817342338822
0.852797069634875
1.11615079151577
1.21677411758168
0.784598515427815
0.697248788731478
0.391790814749628
0.163340874250337
-0.593451028353766
0.0239668875773018
0.193670818768824
0.559255878121528
1.23885948038957
1.72158932269295
0.984528112693024
1.69693178771843
2.33702930782423
2.46542425157436
2.22599052747506
2.18572477599721
2.12488734921588
1.96565681256851
1.91477668384117
1.11101470652553
1.39524159596014
0.819567267836262
0.580506692468514
0.559984536038472
0.876614429928805
0.455937970710903
0.622915195266598
0.201237204836858
-0.382177911915016
0.12731843840039
0.338076711320425
0.296956818254429
0.481860782438401
0.35276612456245
0.933559527822452
1.40260085826161
0.984389421890826
1.03014931155854
1.38005901796799
2.14559057079476
1.76891231677857
1.60899563372662
2.77494066781691
2.16435516290089
2.41997510774632
1.92791565317646
2.07016514913966
2.18491211498454
2.52467734491011
2.5628340026891
2.81486842932562
2.4037968447136
2.10441462862705
2.41616382929616
2.37485117136434
2.37961659217859
1.91468777193052
2.4478358950483
1.50421000498254
0.959964934855789
0.799226740487557
0.742632058769661
0.539480058767018
0.944026354452926
0.506290814607013
0.124357105332482
0.736703704579017
0.753008030205878
1.22944702266023
1.64931711139825
1.30826312844083
1.86171197105974
2.42284790465459
2.70462120279691
2.27176238883811
2.91589874462227
2.18323829978081
2.41656838764103
1.65952825246801
1.93558843059504
0.796969773917116
0.501113837316571
1.66965073382145
0.36236705751778
0.147008931752778
0.720359389986206
0.788320155738815
1.10655373547825
1.11961393753061
0.877788590610151
2.28553101793367
1.56538099433975
2.54349274481089
2.60684054492578
3.03214571071398
2.54826164533274
2.5838034285289
2.39176311562387
2.20599477271489
2.6961385616179
1.22818434181557
0.989931381644154
0.680657768702754
0.905050781301632
0.607282308332913
0.502233985238947
0.667754433117885
0.372110601391533
1.09213045322895
0.846142707266159
1.81383236774562
2.16028798613208
2.41634502402265
2.4440037186799
2.28985538931749
2.71213399862026
2.75982078924396
2.96280222397719
2.99208118133704
2.29852311024534
2.37610978099656
1.4647250573894
1.11923207847988
0.957648780022503
1.05882532097304
0.192983187828519
1.18409912649572
0.643167872630761
0.514062223897271
0.910559390699674
1.0522049666472
1.50709792780271
1.48632094174626
1.90166359446838
1.78308763780282
2.09985838191567
2.47688266405503
2.57935845362226
2.86060231504872
2.48086934122083
1.55777700429991
1.90035612816952
1.46377943145522
1.15203812230782
0.992633335297795
0.478190889330236
0.107112010800504
0.468575312191937
0.587029207672806
0.594765384763446
0.965720631230464
0.85681525591674
1.43940912194192
1.90215582623001
1.79542280022501
2.38106660377902
2.12113334856068
2.25044895398959
2.13907114152671
2.33199069913975
1.33992015479321
1.93319034303052
1.47137489903765
1.25802582503015
1.27927564274007
0.886986947819575
0.426729965454027
0.637118881414344
0.189644675709664
0.13925476041959
0.355275420085755
0.445291812928122
0.819060502569519
1.71003151037201
1.26011198062167
2.00427963899873
2.803108597599
2.22199296049256
2.02768030615639
2.59850744450495
2.68769482149094
2.23086219875545
1.97491644507668
1.54536887152656
1.7990989442872
0.993451963604463
0.982568900798385
0.868436270169173
0.369640753950947
0.0861063489415531
0.537332407525937
0.774676978773779
0.401306420835691
1.39044556183112
1.43180005139293
1.8438848963477
2.09166906469287
2.7431634701451
1.89219490859879
2.95186119247064
2.70974910373898
2.89555406242836
2.70765775485518
1.99259425896914
1.97098278085106
1.36187323698576
1.46995907518345
1.03045312127466
0.443044654262078
0.950737101343897
1.30210546297442
0.393122899628006
0.840159902050531
0.0824567000743723
2.02087138879345
1.61065447343989
1.61639535530795
2.0722831841987
2.24411964477909
2.3028404800115
2.21164046581131
2.43417664762677
2.44936998044592
2.82579909270234
2.03222266719413
2.13821381100453
1.76071081303495
1.3680262659271
0.983990248817632
1.40093902538944
1.01049114941203
0.887883343145158
0.861387894326079
0.989782038708366
1.10877920834253
1.7256915419359
1.64460231304108
2.10606964324402
1.86222607190632
2.49052893667249
2.56430755032004
2.1485356932141
2.64419376288502
1.91408740418905
1.87079461036535
1.24616999625302
1.16719966247869
1.19870209697835
1.9269556478548
1.53027439116197
1.31016032218279
1.6695838527885
0.910133685955855
1.59651428192245
1.00625651679363
1.67343731614022
0.691800878283823
1.18916615286498
1.83051234535804
2.08121468458918
1.77055347799603
2.03488127606737
2.387312055696
2.37143672244016
1.19222804348891
1.91298481754437
1.29739699068203
1.45502067772121
1.15705786349955
0.962004347837723
0.482334158601852
0.823721704263494
-0.0204628514183078
0.480006885608159
0.866605316066306
0.44654056506952
0.814431609665024
0.236798342789464
0.928771683752041
1.7471970878244
2.50273788684193
1.48572304394706
2.4817860588157
2.39297583535201
2.83353542193285
2.40006678794634
1.74154572894739
2.4256620895978
1.6819816987897
1.1219810099212
0.769143115875165
0.447355530875127
0.779178244252194
0.179704372433143
0.249984788247248
1.0045049423527
0.755960350529054
1.04445416660917
1.31043811684211
1.76386587222196
1.96481147854563
2.09122050037187
3.18566746404364
2.99698670034388
2.79873500269796
3.30265424149606
2.24775404815649
2.07789714282583
1.73911075217127
1.42133360623813
1.19204250133229
1.05351437047641
0.72609743512598
0.574634670272541
0.952793877256073
0.537432160788034
0.560852832055386
0.565323538639242
1.33816137947163
0.571407645082605
1.74589338180246
1.93115160556814
1.95443451686638
1.86048151508942
2.55689747950483
2.28490906960905
2.45230821413919
2.06824791418317
2.29018386378818
1.54970849395063
1.71897870115358
1.13315481233324
1.51866056328556
0.907420004894166
1.15704803729278
0.223894404670402
0.40513088515234
0.641191355606362
0.338253865902504
1.58984984424667
0.816258206488551
1.11258346814319
2.06066578541646
2.19187140758663
2.28937488129332
2.17847925554783
1.84885802667437
2.35932015868955
2.51638508767642
1.84273009384512
1.91780991565903
0.608909982573887
1.27807780392193
1.3401542590489
0.556697715987464
0.528265391105937
0.437974358643484
0.70930685933831
0.621840868934169
0.715876065606963
1.09682128807595
1.3977852106288
1.80642754385616
2.04262880414469
1.92893350696339
2.25509187384954
2.43264702486508
2.65036961247813
2.16958555422211
2.04362934191963
1.73840521851746
1.29126387229387
1.69499879123773
1.10132133881471
0.956255667721869
0.446852400245326
0.0926545065186853
0.229189775212547
0.0344685070428608
0.645669975948091
0.366096568371903
0.85257001763423
0.773848801550134
0.855606480424874
1.76751943713465
2.08455791166449
1.82142183211981
1.89603244850286
2.0341790864115
1.64296041351222
1.90909057703431
1.98357392106664
1.27450530885469
1.06477443887479
0.895979186537805
0.244838787499144
0.241160450150881
-0.0556109194718539
-0.0766875441478262
0.457476112641728
0.151828993303288
0.628717382492387
1.21591031349927
1.18224928756645
1.59666326923804
1.31928623952644
1.92216578131839
1.63179979912718
1.9500022502866
2.5120180948156
2.02093223343526
1.86188999577096
1.66259011365045
1.33357494417557
0.974592022541031
1.06192147009498
-0.111699486357968
0.405887256298749
0.241871317623964
0.100513782848121
-0.2971653139
-0.457700199477798
0.654906486526069
0.433789019741448
1.76929598706769
0.744553844312257
1.40797870894177
1.93885630309246
1.45388323834275
2.05435324003846
1.9009795880752
1.74112933377915
2.6325353597769
1.74442611959502
1.74672774224828
0.779654209826551
0.476017791123
0.352635521661574
0.581484626932898
0.594292056261507
0.4350355552995
0.224653602380342
0.324557906014711
0.331394712003459
0.751514144676042
0.757414475994632
1.20112540104866
1.11527739638622
1.51570463670724
1.48081136994573
1.91112726225919
1.8971435172195
1.26224132538369
2.17257721856402
1.76608911565855
0.760793857718576
1.29175375988501
0.107281845212307
-0.1002933688672
0.226012592538197
0.0200718366721826
-0.720600686416581
-0.832539957915152
-0.396980518841201
0.566267230333895
0.805274700610708
0.974567497844879
0.708096265949275
1.53649228141627
1.31673305456052
2.06851649616382
2.15782378943571
2.06527836304059
1.96346030796507
1.58144377003232
1.07454750533045
0.776590806071328
0.65749483743401
0.716895115163893
0.391264284481444
0.422698473176128
0.0148334406062468
-0.307803082346759
-0.103702932499126
0.17014064571932
0.123035197075086
0.634721230447143
0.766385379313784
0.950600664705436
1.04621613038924
1.56079114909285
1.71384492749787
1.97884781518435
2.19999925369854
1.65211576082016
2.03701583348999
1.30709374773689
1.2186653948967
0.736366533528724
0.521734561464632
0.0498518090323984
-0.101916042460963
-0.0344295292133538
0.0014219316749331
0.228273977384899
-0.0382676971792346
0.277619864198282
0.704169445599935
0.739914903895698
1.328385796067
1.10723024645841
0.992580708525015
1.46529538595677
1.96653322882475
1.43629762921608
1.68342252890949
1.96802414022048
1.44674544001611
1.11528467258439
0.911586276853681
0.609003225947197
0.493832145086207
0.57702435952046
-0.0327097452968296
-0.684712162564152
-0.101090235827462
0.276194950866345
-0.249465439642841
0.618704638763699
0.961432940484328
0.893984721878378
1.47017125459692
1.96369858443067
2.14329964900387
1.62564417733771
2.30624496763522
2.19784117139529
1.89908642716599
1.1856744128206
1.8154978184888
1.30314440019724
1.13576734163289
0.657223233863001
0.255151935560236
0.0932514896988433
0.591333486618203
0.845818484227688
0.0587116351360397
0.506684008095348
0.829466008303995
1.13247661275348
1.54659310115633
1.3617583392121
2.1265001417795
2.35693131627441
2.29505682947624
2.44210749485763
1.9133815179869
1.77967669641264
1.83914868596308
1.82496630604886
0.965947852287993
0.654062504078206
0.143790328167574
0.426573460152837
0.344941038836244
0.0530037017654609
0.334184075928001
0.244350088066171
0.97544183379804
0.711261954505913
1.17124980211403
1.38946282196745
1.56685151706496
1.48740837688429
1.96635390008998
1.99498813609453
2.04910011089456
2.12658638766132
1.59467579774828
1.62767828775763
1.81782678328152
1.48106751592945
0.84399648084892
0.81890424448088
0.790747099750023
0.381498246203499
0.267334472927001
0.246542128076856
0.806793424010391
0.684185871602433
1.67315165119393
1.56785908785383
1.96372792821118
1.97405298460585
2.26387389469251
2.22892832639338
2.47145566400674
2.87320038079931
2.63714842381587
0.201457362608504
0.814777160825418
-0.123231511841599
0.567152298756106
-0.00431329720275336
-0.239626350070187
0.104701498354396
0.0826046413213682
-0.0597220473983229
-0.040477695756224
0.237190704013969
0.5019108936862
0.709910109292339
1.18364095854344
1.03774730319705
1.50855331332295
1.73916187654046
2.0924033387888
2.57392408555889
2.02966563250197
2.0938722077315
1.98841726967011
2.08331545229602
1.40632988521224
0.269205950224507
0.124575742363872
0.88075173459914
0.18993015153705
0.30729983875625
0.167648869618293
0.224269247585033
0.501715668065996
0.518249131186114
0.573903743314979
0.994605606612683
1.39322373293926
1.80864729747228
2.03513154641974
1.89334351688765
1.80005650053533
2.17380473329617
2.15563793331473
1.69951817990555
1.31897825876331
1.03198952767286
1.23394652306512
0.523785316532437
0.00490471233828166
0.032910963336317
-0.476598526930822
0.0183039852369965
0.0384929506600624
-0.218544908123518
-0.0634161661110176
0.947289774259164
0.522078251209494
0.437741177805294
1.44762687913338
1.44733909695247
1.58364822386735
2.0891573901072
2.07042657934104
1.56605651650187
1.33043689155972
0.825417649668791
0.588872595191861
0.0085106099263802
0.771097292438151
-0.146416802121394
-0.769744580137407
-0.770833598601312
-0.89958913079915
-0.222295496149223
-0.106143710813528
-0.524161391370866
0.0873881640628368
0.610154308073681
0.988869766509772
1.30718798475096
1.3927237304644
1.91841598747088
2.06646223590143
1.60472958030475
1.22656161444346
1.15409740431005
0.980972432823879
0.938727588709361
0.698385603206735
0.481457215945352
0.395796307123522
0.302442263997792
-0.48849385449885
-0.0672129431630396
-0.0202232549849982
0.709368887044438
0.603922423370323
0.43032868508535
0.872619750188091
1.070399029514
1.00805612204157
1.36003947960559
1.88043521876107
1.96357850076503
1.51502028555542
1.87289714690917
1.33923007873211
0.587209689911869
1.2553164046179
0.58349460481214
0.130609116517834
-0.0963195490928113
-0.487504566274649
-0.250007014660097
-0.81274537025926
-0.312042716882278
0.0176061055870291
0.0183958699793458
0.368335411270118
0.95337212332419
0.679832965065122
1.14593657606684
1.57387534816874
1.53288659036651
1.66859973316049
1.9791936656989
1.06697961865772
1.24679579483517
0.860155126286644
0.154580769274252
0.103588055410441
-0.409718073297316
-0.0717615334326389
-0.901408438032556
-0.697022044128846
-0.648718939115799
-1.28116312116393
-0.328743603270236
0.152508574324662
-0.18183373472269
0.486401782983825
0.47310219937486
1.12533663434984
1.21705980366278
1.56451155943489
1.40997429231179
1.47570545157136
1.10346687581033
0.931560422280617
0.389287518952989
0.608932111591104
-0.335079837755774
-0.26077759255025
-0.0604680887535612
-1.10461461754502
-0.574459625702768
0.0459390353655998
-0.626026439039408
-0.42634706037025
0.344394094723408
0.716487336127764
