0
0.34552020666134
0.664642473395035
0.933326909627483
1.13203908596723
1.14749498660405
1.0738476308782
1.01320936664887
0.875463180551151
0.67737988023383
0.341120008059867
-0.00774569414324797
-0.342520443294852
-0.537766159183974
-0.771575772413588
-0.827530117665097
-0.896164608835841
-0.775814682327732
-0.572764487555988
-0.300685542597638
0.020584501801074
0.26681390048435
0.611541363513378
0.928439764388199
1.19366786384915
1.38799997677474
1.39854334537461
1.41988981084509
1.25459890808828
1.11296923008218
0.912118485241757
0.674454423507063
0.32567321877702
0.0924641062246789
-0.099874687593542
-0.32969575997167
-0.480936230066491
-0.444552588203989
-0.319328525664676
-0.211983583919033
-0.0365729180004351
0.286768208634197
0.533623047221137
0.877474439137693
1.09207351470722
1.35378442655162
1.4436956694441
1.54930938874792
1.46565777654928
1.39574683114293
1.25028784015712
1.04674057313061
0.807753652299444
0.559141418625812
0.327578013601534
0.138214657630877
0.0124329664184952
-0.134065005081643
-0.192659380470633
-0.162582449791185
0.0490127532283241
0.227691410373268
0.453026338263376
0.700422687806811
0.943314928819895
1.2555398697196
1.4136737375071
1.49912455364789
1.49979290014267
1.41115272450212
1.33665563853606
1.18742259615024
0.881250491654943
0.641022416199848
0.292663579393241
0.0628254875394899
-0.123494756044245
-0.24518736781968
-0.286915558120649
-0.340485520897156
-0.205578362006624
-0.0897785850778929
0.092103409609375
0.419354294072604
0.767208072525475
1.10905835402217
1.31883502212004
1.47333300073808
1.6542850944927
1.64999374285702
1.6563759284045
1.57732790059538
1.32437713541639
1.11565262028262
0.874265445584361
0.526244359813204
0.298210698979429
0.115000381951225
-0.102554608210185
-0.239487083254535
-0.188031624092862
-0.148318242557356
0.0716392321684042
0.256659005043222
0.585747459704112
0.933974455691747
1.17470026364946
1.48195521300689
1.73275948530778
1.90917583295308
1.89991186010727
1.90132873878678
1.81776625452644
1.5611551462626
1.34995136895667
1.00748747810492
0.659888402046226
0.433737779920073
0.153703324355084
-0.0596666718335249
-0.0917788534431159
-0.0352983838412039
0.0091958559231391
0.233262976839342
0.421354081411579
0.752201200363538
1.1007170969925
1.34023623530795
1.54489673294487
1.7919505260923
1.96379538628409
1.94954727504389
1.84601258262691
1.75797340366699
1.59776036690526
1.38415117684842
1.14069325734987
0.893600330366982
0.669410822249796
0.492617265153174
0.283478452084366
0.156209779259454
0.217713427096365
0.366961808994581
0.595089362585748
0.886184484016174
1.21871086413031
1.4674312628271
1.70566187655534
1.90765592301386
2.15090352453412
2.21814244841219
2.29890009074502
2.19042896294701
2.09795211672264
1.83419658441329
1.51825651110249
1.17388753150274
0.827384749856926
0.605233876589695
0.431745338676333
0.326882701603643
0.204479383521485
0.27100295719887
0.42497742101055
0.557115045766304
0.851146019898295
1.08527178327287
1.33411222764566
1.57097282614277
1.87022917584338
2.00961594937675
2.17221579030454
2.14797049018728
2.13457945838842
2.03770522698412
1.77046763363738
1.55227186557373
1.30707505199993
0.961246245102263
0.641210951148384
0.471090618714263
0.370547941522585
0.253030448572976
0.324569276426568
0.383240425739241
0.619336626392872
0.916234459024317
1.15187927556836
1.50075527528516
1.83616475524783
2.1326129366324
2.36808533738042
2.52601426031645
2.49675873619407
2.47846572276538
2.37723563152623
2.2065773961258
1.98620175955675
1.64026057218725
1.39518937889778
1.17734601058879
0.910656117646454
0.814475962850386
0.701863384067298
0.778411376483892
2.8
2.85
2.9
2.85
2.8
2.75
2.8
2.85
2.9
2.85
2.82208948459745
2.61654629038871
2.44252979902697
2.12005073650817
1.87344884597603
1.62921869095686
1.31364297490718
1.15044478559052
0.958668482300771
0.850978519965366
0.932528171104519
1.10049919934476
1.34435360408074
1.54677494868452
1.88521518621681
2.23390880930634
2.46617440618717
2.65679803174779
2.78428549415449
2.93278236699269
2.99349021796022
2.96545254662081
2.75564022573942
2.57832881397914
2.25382336276204
2.00664462649914
1.76333869662789
1.55010571832492
1.29045950956812
1.20312714180665
1.20037610644236
1.2869184963585
1.35949008869628
1.60714192816116
1.81221836459057
2.05193417959998
2.40040992228107
2.73098364347589
2.91859252828913
3.04201168269937
3.18575009012895
3.24143437781871
3.20855678527856
3.09452052101982
2.91397845598753
2.58752422623884
2.23985266476704
1.89755388561773
1.58673806819311
1.33070311268872
1.1478535080559
1.05005631381699
1.04158111098132
1.21871861308948
1.47011200572555
1.67777141692547
1.91868089886121
2.16685437391297
2.39565689358989
2.68018385915317
2.89948567524925
3.03843911486963
3.08909823217869
2.95140415019023
2.83319032007329
2.54948278228916
2.32115793514835
1.97307770832462
1.73186872072233
1.4235438039105
1.17117835335142
1.09284907204838
1.00001923250335
1.09651469672486
1.27818216336918
1.43326016977976
1.74342970841777
1.98545060924691
2.33323751490774
2.66019000800176
2.841568747155
3.05670535870289
3.1908486809542
3.23648244153215
3.19399666360056
2.97165282625618
2.78484589120574
2.55472911668676
2.20632449990887
1.86628763656497
1.66052665585491
1.51188792446506
1.33811524867444
1.35026487298531
1.35171785873005
1.437878063932
1.69658270297976
1.90918881204204
2.15223856950328
2.39955471330524
2.62457887780428
2.80274397347674
3.01366869185917
3.14297810713272
3.18358774543435
3.13633641980772
2.90991130153219
2.62007192098498
2.28824241572844
2.0395977761081
1.80081503834246
1.59769030432859
1.35283445268691
1.28365337631488
1.20079316581365
1.20718912592131
1.3978035734828
1.56007583868259
1.77504427227052
2.01904003321673
2.26580135578913
2.4888194348721
2.66370637857757
2.77037370599417
2.89482679135841
2.8304149622947
2.77842558457125
2.64796906555012
2.3551650486306
2.12170249351278
1.77290226602262
1.43545530057968
1.1350383785177
0.894020497679976
0.729464716462516
0.651603961625574
0.762926951422405
0.857955885809729
1.02373576201134
1.2409916063328
1.58585025015593
1.93197284899112
2.15290765301191
2.32445286308705
2.49639421095789
2.42026639449971
1.9401294887214
1.40624268992781
0.92257445546621
0.67555045336556
0.668929712993798
1.08755861093366
1.70266446761475
2.2168395491008
2.63300126800971
2.62323880138782
2.27349602118503
1.68848170418012
1.05509174376146
0.677121037337807
0.504072065457503
0.678929374139482
1.12314383627573
1.7640721216027
2.19528597894219
2.34868356331589
2.25321224671682
1.85968934526911
1.22305016868243
0.748224659053576
0.518549466220651
0.531723181346001
0.865677408217143
1.38628588895552
1.89421866473017
2.19457376513623
2.19940484881214
2.21496207382236
2.14432211067749
1.89826136798916
1.59429336798354
1.25510431572069
1.00652660796153
0.775231302100834
0.586345670042994
0.361208653838345
0.315464721542424
0.257666393477725
0.38851027106489
0.500774811492448
0.779965406628564
1.10560914319687
1.35308358714606
1.59581623235172
1.80765814344904
2.06521976235066
2.14996022781073
2.14984357534067
2.06041387407077
1.98519326178391
1.73536732283723
1.42878591322502
1.188368686104
0.840057747437487
0.510500324931586
0.32466845054655
0.103628283254642
-0.0373416682005691
-0.0901153289869411
0.045555063752915
0.262016828983501
0.444400432981698
0.771947740499139
1.11986627716085
1.46154386736313
1.77092582066232
2.0248423196748
2.10507811085839
2.09999961886154
2.00559413916186
1.92582828101025
1.77229364204009
1.56317136537326
1.32160807225322
0.973648243305607
0.745907742651109
0.463196302032234
0.246301341366293
0.210131090434486
0.262382881115881
0.40285556765532
0.523467494414602
0.808978406101531
1.13835081438573
1.48662921407643
1.82716928407725
2.0340179452363
2.18423167161212
2.35992596731431
2.349872935257
2.35050423176595
2.16622981609164
1.90904402188329
1.69745413908623
1.35482721285027
1.00730273497962
0.781457680979838
0.501932467988813
0.389229899699331
0.357883711967539
0.315160317474156
0.360409718720823
0.585123570370835
0.773695204398008
1.004813727261
1.25336765855401
1.49268806476321
1.79693081567085
2.04338516353708
2.21450242655745
2.19946356034395
2.19514559093849
2.10640058077549
1.94562220839534
1.63163867805177
1.28803085230114
0.941025843779898
0.717154225343681
0.540880133008961
0.432415957542868
0.30591683179369
0.368216194830982
0.518215381185219
0.746981761362056
1.03854666703152
1.27133182461111
1.52007687817945
1.75809582183916
2.05966078114583
2.20230020750828
2.36880619469814
2.44877160986383
2.33951973171315
2.24634335405432
2.08203199628836
1.76572945373146
1.52122373939438
1.1748221716268
0.953001419719123
0.780042421888731
0.575861441383931
0.554231006003532
0.52154964920662
0.460131090434482
0.400028382415153
0.362382881115885
0.346917131130571
0.45285556765532
0.478941934001894
0.623467494414622
0.784309408591652
0.958978406101531
1.14467469003065
1.33835081438576
1.53678012316119
1.73662921407646
1.93453279960505
2.02716928407725
2.2113353595578
2.38401794523632
2.54246185472641
2.58423167161212
2.60726644365021
2.70992596731432
2.79102762323014
2.749872935257
2.78626325675614
2.70050423176595
2.59339893089584
2.56622981609163
2.52072993930507
2.45904402188329
2.283680288751
2.0974541390862
1.70441062595848
1.35869629973977
1.13900326548969
0.969422398744216
0.769568204362748
0.652826711225921
0.625159738142727
0.684572342332055
0.821291021719898
1.11863675277164
1.45451487799021
1.70338875586664
2.03856087301178
2.23455765351522
2.4694049376148
2.62659086794357
2.59654084457187
2.57747279550354
2.47555636385985
2.30436179203427
2.08364773235492
1.73759626551853
1.39265278734191
1.17516372031483
0.909023066145197
0.813538025748788
0.801704344493237
0.779045440968857
0.943119016456142
1.08373521819656
1.3838668685916
1.62117045226633
1.96998199575337
2.30360955380885
2.49671752138577
2.72758978777712
2.88006957210917
2.84500266045811
2.72105512451621
2.61483247743482
2.34028962300741
2.11748430567501
1.77078541195208
1.4266961703711
1.11148669701086
0.94884736426617
0.857772610437786
0.850864223129118
0.933205659090995
1.00190795416985
1.24636778587156
1.5492146365804
1.78786245016405
2.13652717710076
2.36852998683181
2.55868040823921
2.78552651940687
2.83327118391635
2.89318316199517
2.86437704616193
2.75389235203958
2.47606469939036
2.25124525389741
1.90398281814529
1.56083096019754
1.24797606244472
0.988898170055208
0.902273588469642
0.800306584658755
0.787639216302175
0.860936670601156
1.00918515317394
1.31467571750613
1.65458615240098
1.90301962213542
2.13331795366796
2.42044293184161
2.6432128885739
2.68619479818224
2.64108286360481
2.60744044851531
2.39273908074556
2.11169104295636
1.88493516824433
1.53719323464902
1.19506164234815
0.98463563644076
0.829178296420429
0.747042514567632
0.65003158674173
0.642344859115048
0.820202613086026
0.972183696284969
1.18024574010011
1.52133683073102
1.86945466799406
2.09796927335631
2.38200176660725
2.50064672213231
2.53883958832147
2.48870235909858
2.35024729274142
2.23137581688626
1.94717271752955
1.71855866002119
1.37042140833572
1.1293926752386
0.92146919070068
0.769690491434827
0.592080867698816
0.600039307127442
0.597321257116227
0.779703161890204
0.935359740162483
1.14592030229293
1.48810974928128
1.83582766804159
2.16247980356982
2.34335364453874
2.5578259183349
2.59120480657985
2.63604232150994
2.49279961254128
2.26980577316583
1.98251382783592
1.75212035931279
1.50367208105748
1.26382848891254
1.05848044773728
0.910437437559274
0.737390050655867
0.650329743633128
0.752567003342489
0.939435630949801
1.09870955958003
1.31169497245902
1.65490016589086
2.00213399318506
2.32684544178641
2.50449535615103
2.71474844742741
2.74328978424576
2.78310350290394
2.73509951357691
2.50803222075077
2.21771851834276
1.98562491367446
1.73694998830522
1.49837348378934
1.29567307982193
1.15142175088406
0.982971389660525
0.90090281414448
0.90808061467851
0.999397268630748
1.16222938018016
1.4775652906695
1.72170333345179
1.96836903318225
2.19106212644891
2.46542375137885
2.67141235222232
2.69509393183923
2.72988673416465
2.577149172876
2.34605848834491
2.15279097208703
1.91907698681785
1.67025985786998
1.43303202941987
1.23305070794629
1.09264598038935
0.928826133988574
0.851758356638856
0.863860532276203
1.05958525850682
1.22591537954134
1.54352676995324
1.78851450125095
2.03452819794519
2.25512583811345
2.42613574046723
2.52781574865229
2.54661673927861
2.47639292476019
2.31895083821635
2.08388796124854
1.35
1.3
1.35
1.4
1.35
1.4
1.45
1.4
1.35
1.4
1.45
1.10957489756536
1.35532891631337
1.60060691883799
1.9190326005857
2.08662829484515
2.18395682630275
2.19785777602477
2.22262306248562
2.06050682749046
1.92152408040107
1.72255608717685
1.48584241716333
1.13699434859742
0.902707089399555
0.708375173754948
0.575824044006353
0.421360448891055
0.454315810241897
0.476212674866181
0.580628709973957
0.853770391038763
1.1757051362631
1.42214182474605
1.76660064996833
1.98277848204523
2.24689844798172
2.4398338489238
2.54881669120281
2.56857821318369
2.40181952805011
2.25897034140836
2.05725729674781
1.81916517068331
1.47042837482551
1.13773217743511
0.946328987884754
0.817782634137586
0.668042130217976
0.706016998288781
0.732781407571371
0.941478222008213
1.21793152780467
1.54191292558877
1.78894847308186
2.03250486947291
2.34635959615695
2.606943296225
2.69544515492112
2.7994932137013
2.81425952044343
2.64289139603144
2.39623029355426
2.09184336359004
1.85245423296432
1.50391317084231
1.27288796117315
1.08448174897285
0.859990651143724
0.815001437776513
0.857999212399558
0.989609462951397
1.10254218880608
1.38224309481758
1.60819368315888
1.85574410962367
2.0983150807957
2.3097721031701
2.56675999962281
2.65078915782566
2.74988715224892
2.6596682052769
2.48372495566049
2.23330753879728
2.02631864564228
1.78571432864349
1.43745340594581
1.20817863747781
0.922836806556352
0.802450298030571
0.662239231253219
0.610261892148312
0.646694910529079
0.863817482282813
1.04670104580773
1.27454280595994
1.62252398578756
1.86402681395946
2.17301221100365
2.32634578272574
2.50586434674229
2.59999839546849
2.50480556577393
2.4243227985396
2.27020573075213
1.96068753216501
1.61895019054771
1.37105373375973
1.04360836507551
0.761397452977613
0.545163706661275
0.509756291599109
0.562804397813865
0.604035747055415
0.82530091460589
1.01130129311865
1.34095567164964
1.68928335744565
2.0296356268293
2.33607617631856
2.58569793537189
2.66066928677687
2.64982691190854
2.54967297673512
2.36468758291465
2.10692857365672
1.79495444249977
1.5521665583553
1.20471879091806
0.979181263379053
0.700166922453405
0.48813293715368
0.457553320808837
0.515626010560622
0.561629897076006
0.686989239096221
0.876039708862839
1.10742763986393
1.35601748626711
1.69513710636876
1.99896030557601
2.24481381345302
2.31520261944202
2.29937275005214
2.19427188928319
2.10482203292351
1.94347982132494
1.7291238248194
1.38536817725618
1.03845319575397
0.714901411323033
0.539148390160533
0.431359977297769
0.405630941722241
0.468725932641818
0.619475213517801
0.748879151146243
0.940912126088778
1.27395405352879
1.52272164105802
1.76052686988736
1.96166095608187
2.10369083966212
2.16946306304113
2.24863603830321
2.13860383045267
1.94472893782577
1.77986327608532
1.46320015487067
1.21855979661016
0.872261546994255
0.550772846210414
0.378344971338164
0.274846741993757
0.253989697848242
0.222103287625048
0.377569478296242
0.510967289153979
0.70591433995909
1.040530240177
1.28939109909884
1.62580056627995
1.82417453701632
1.96232650422214
2.12344941303076
2.09761698495023
2.08267040275809
1.98441115121433
1.71608278770604
1.39718793470872
1.05174616860426
0.706148422458844
0.486799562571368
0.21775972040701
0.118595072710639
0.102630053211183
0.175757120640105
0.235910402942217
0.373250235473617
0.571042108939356
0.807151513269131
1.05602114747995
1.29095387725655
1.58649751044924
1.72071836559554
1.8771605423612
1.94631587810733
1.92647328374109
1.82387159020843
1.55214225230645
1.33109169142432
0.984932046908877
0.640118377766914
0.422985511033716
0.15739563010578
0.062606736965594
0.051552392219622
0.029686398648879
0.094495629249179
0.335724517381727
0.636291155997256
0.87381317351873
1.12260708443371
1.45598251856348
1.74862639234046
1.97886405117454
2.13059540179515
2.19473308563284
2.07001422549597
1.96311323462901
1.6880456112556
1.36491597586368
1.11812218533419
0.774175945048648
0.559334597206029
0.397255630645082
0.206883427824179
0.200757019557674
0.18389001073747
0.253322729939849
0.398386608059058
0.701657169812011
1.04051051022064
1.28914422066406
1.62088224119456
1.81055775352471
1.93676125795204
1.98375302020429
2.04286905502532
1.91329505417439
1.8021391261562
1.52379685005771
1.29866536134216
0.951321336485834
0.608325631663938
0.295850680573449
0.137342588878841
-0.0485732365782281
-0.0497558399011491
0.038366768430264
0.21238920935244
0.361232927587831
0.567135805992998
0.907238802583063
1.25562788067223
1.48564883259239
1.77228822068134
1.8944077531726
2.03663250484391
1.99072431329696
1.9563176694691
1.74095236746925
1.55939999722566
1.33234444235105
1.08453425042133
0.842571918928087
0.632537573406325
0.47765930749396
0.296238286506001
0.200013958842488
0.193115406025927
0.371692504146374
0.524259843963627
0.832722688308236
1.17399332106217
1.42205340407859
1.65027811783954
1.93381447728779
2.15180137496378
2.28923304160528
2.33829946682469
2.29908404407674
2.07955612136955
1.79485912314181
1.5659578332586
1.31776567330713
0.976919260844601
0.669399039682659
0.418208524217796
0.241319464000591
0.250066480872751
0.348134580955323
0.431229984026825
0.687463674122423
0.998413409921615
1.24076932869927
1.58841614694045
1.81476596083862
2.09513326455741
2.30894003294734
2.34155389524582
2.2855952011786
2.1415962231402
2.0179536098862
1.83017833890727
1.49951016700553
1.15102034607653
0.811372082846245
0.506438794023738
0.358992911044153
0.186671686590633
0.20040171134023
0.303422874160996
0.490998952488495
0.650840684981851
0.964203534638773
1.20756208246023
1.45471148306474
1.67910826548185
1.8562413823608
2.06582170883025
2.19359440959703
2.23261228092826
2.18385632367038
2.05614811336519
1.8653617951796
1.6330060937949
1.28430300308963
1.04593478054364
0.843660500643958
0.700015073477878
0.532296268329343
0.551019555466143
0.65897879049844
0.750996647577959
1.0143870944966
1.33008859816154
1.5743668345762
1.82093480531617
2.14330097680914
2.41713569013052
2.52244445697537
2.54535400774993
2.47935154942646
2.32586653394766
0.4
0.45
0.4
0.35
0.3
0.25
0.3
0.35
0.3
0.25
0.3
0.778099072727868
0.996064109349817
1.34117883388611
1.58708152691972
1.80734008215444
2.07781310774913
2.27880640495141
2.29683219221819
2.22581392857079
2.16762911290319
2.0319415725974
1.73533822260479
1.39984740573348
1.05097116639121
0.71540722890997
0.418664169343698
0.282782810340695
0.224367380099317
0.253102306114641
0.270887134112965
0.371666847289469
0.541972742925955
0.762125551491514
1.00799332717991
1.35314708275741
1.57122161228041
1.83827061641986
1.93490575406244
1.9480285450788
1.97200041854301
1.80914638948019
1.66954737219888
1.47013968223931
1.23320216574681
0.984366096497724
0.650325610549064
0.356453198566764
0.124533256799897
-0.0291838481567881
-0.0954333762131081
-0.0727638054229751
0.0323335078831758
0.206004182626468
0.528268383579538
0.874805560542378
1.21912693065921
1.53494164250042
1.69850525952023
1.89074077985634
1.99894272809024
1.91791209752625
1.7504207619756
1.50696387252434
1.20482235694392
0.866519265880432
0.517807855819435
0.185371127384115
-0.105561687641928
-0.333468778450863
-0.382458234472727
-0.34368762241659
-0.216153854501338
-0.00678279129980319
0.270189424759283
0.594488041595583
0.9416107806974
1.18501655268688
1.49849629378828
1.65851414343789
1.7463098326124
1.84957448278807
1.8635501214002
1.69145469736195
1.54419463127183
1.23939057734368
0.99980342284434
0.751301125821975
0.420548007454772
0.132622907653159
0.00877896698172487
-0.035454853090341
0.00833907393204802
0.14071511806474
0.254314872621912
0.434524458770091
0.660779939800724
1.00840423635153
1.25081145641153
1.56188173387494
1.81829443838878
2.00161133780779
1.99992363055804
1.90891572341431
1.83225073058988
1.68124325865364
1.37384870642284
1.03305936266265
0.684850573407446
0.455860441660719
0.171010324988743
0.051278684871096
-0.0881728567839271
-0.139353860169443
-0.102158829770349
0.0156233620364687
0.199005231754487
0.527139472031604
0.875181179537502
1.11650717618375
1.3250941783319
1.57784337921721
1.75664379656258
1.74999007268656
1.65401021383909
1.47281146387147
1.21811341637543
0.908201138291605
0.566291819337159
0.218460849595015
-0.108687417423156
-0.290396152441886
-0.405967504248716
-0.44061147709982
-0.486767076991422
-0.444777712735643
-0.32286052027398
-0.136372350396459
0.193562013002939
0.441936866956601
0.782099274396062
0.988129891641404
1.13715826617754
1.31140578606365
1.39977379038863
1.39883497959572
1.31313956594443
1.05480881660123
0.742452296943622
0.499505533509008
0.252136588206004
-0.0730914567210044
-0.251593299716886
-0.36295755168271
-0.392770024573646
-0.33390130788795
-0.287143617673887
-0.0611400302295653
0.228387578161513
0.560042919615159
