-0.125363630923815
0.398673735680797
0.572865728297876
0.827294747524262
1.01997185602492
1.10212457618591
1.15140387802715
0.997567469071164
0.827585330272731
0.731553290782938
0.304318103324309
-0.105810156539267
-0.429200879696482
-0.538282459004638
-0.7661429657745
-0.75182392580275
-1.0062473177216
-0.727447115664146
-0.701366030314395
-0.29493914883462
-0.0231514128887054
0.447361926102887
0.569306161725081
0.893322240065462
0.99404727581856
1.37228787024424
1.35966307993516
1.41075854929565
1.28246937329206
1.00397189196202
0.785213904149815
0.785997801392168
0.288503433477987
0.117575684150785
-0.250433280270537
-0.241633295667203
-0.514822546909938
-0.420936523782006
-0.365644960917479
-0.303604813159944
-0.0389273411835862
0.176753495766964
0.37507123009898
0.776082973645923
1.04223708316749
1.3358785086655
1.39326835592729
1.4056053133098
1.57408060783082
1.46148200425807
1.13845019939696
1.02022732832423
0.715010253530287
0.624215566911185
0.232403259456641
0.0484464175348393
0.112656346135768
-0.166653484177761
-0.198310509069043
-0.317823675445896
0.127679826775014
0.0644987181555529
0.355129072405237
0.493912233313571
0.880093300812404
1.37387316219909
1.24464353828575
1.36786648248765
1.5853667884664
1.3236128787219
1.21211744851415
1.11878851308423
0.726207151555025
0.400436205687148
0.0253085023342081
-0.0499226474986516
-0.289871840992769
-0.182397845353478
-0.355290388410475
-0.465109645226206
-0.180030594030103
-0.245134764028267
0.0172039380872776
0.352263531174476
0.636989095827467
1.12890261019876
1.16815533816705
1.46671903548412
1.49360518608469
1.6645977720696
1.80203651682304
1.55495572822575
1.22707386979041
0.991858258626955
0.695647393889999
0.59117411861666
0.199394941193955
0.0694719553581872
-0.136078332970717
-0.43897371245347
-0.185083985826391
-0.217365526506446
0.115085994216137
0.221744894995943
0.581729037228809
0.745044488288567
1.17968624812068
1.36272878181355
1.60438939052974
1.89847771951039
1.8390588683228
1.81159639015755
1.84774710748923
1.40840711764634
1.36522361431676
0.957523071639073
0.6187544722045
0.269769322374207
0.087579650334759
-0.293171400637198
-0.199551102945496
0.0461704084326581
-0.232078663679482
0.238438181202029
0.493532607174811
0.851121723248858
1.04709633564402
1.16833259593665
1.60085668202837
1.50624005591624
1.98897834084781
1.85766720540901
1.92715041904593
1.62763331032118
1.65163030435841
1.21188598027278
1.15267064421141
0.873289378774611
0.58655780945737
0.501731286308349
0.281713459269727
0.0357832245023621
0.245928099567423
0.351835320544504
0.67147527072067
0.831337028173385
1.11702233324761
1.33419778624126
1.52067087201191
1.78970358917902
2.08965366482061
2.26733279247892
2.21920298840241
2.10318097313171
2.24421118265206
1.80549332192153
1.4710959820776
1.10301862070225
0.872496340604143
0.502884269631846
0.405394506244711
0.227253475778546
0.205502991065382
0.227049684680293
0.467437349532579
0.454026688015695
0.86876035195012
0.956947315293085
1.29581331232615
1.5385327049732
1.89869951592161
2.00250396653587
2.22936694183737
2.09595632757241
1.88460521030273
1.87064234107827
1.76004209524203
1.46559287191555
1.20748757430198
0.848224158864211
0.651522815467479
0.609397638975233
0.324196988149458
0.118743007415235
0.341731186118955
0.391967490709813
0.40646113112428
0.934394948551114
1.22887403173049
1.56500523809294
1.71843297946264
2.07201713519419
2.17484279659141
2.43984562748384
2.43909594011823
2.37426541864356
2.09170803011817
2.22684250401799
1.98680705053183
1.57747673097585
1.26957180187279
1.00719252669852
0.846596182186444
0.639062153520573
0.808447952640977
0.855125628070208
2.86526578442521
2.87224274631726
3.03829011390009
2.69394596116982
2.73519653744021
2.73121733628439
2.76764633070369
2.85047306141941
2.6802439858842
2.76744715780342
2.65271663407411
2.73425609610093
2.61703744259447
2.12805624811213
1.68319971102427
1.62364059178121
1.16876702498319
1.11220362795768
0.974232165627702
0.6616839581502
1.00087195908499
1.06464424402038
1.32446357572857
1.57616495033523
1.82070850747015
2.07041520999945
2.36906105921177
2.7793123509768
2.59619139331436
2.8153515916901
2.80119099193976
2.88050555072363
2.51520365149247
2.58122442346645
2.17771581170272
1.95096813717311
1.73782741193916
1.40885089048981
1.33998153547289
1.27957242956887
1.13657346074365
1.12136485657046
1.2440639862737
1.37347769261334
1.83417647892509
2.08199810844247
2.33493995321315
2.8185201569094
3.07829418011083
3.11114879074672
3.23459734036922
3.2053047630721
3.08553170948138
3.22375614296763
2.75917319222584
2.41764185735245
2.34397505460612
1.78494515949295
1.56262418659324
1.37240745223709
1.10548518424171
0.983652742534867
1.06988207887466
1.05507755407952
1.37068303878312
1.71941007343098
1.98922049693978
2.16692893497599
2.3982832901831
2.59327772247508
2.95671719944788
2.68178728662591
3.07439624436238
2.86641478360088
2.63944898805083
2.49915318282171
2.18288650996998
1.90812210713989
1.69704499175766
1.26445987616044
1.06977344932611
1.00181341335661
0.859260767689246
1.02603840123854
1.2867466318601
1.34108680933746
1.67052056734737
2.10710976025975
2.34326193944585
2.66322944111743
2.59008021269174
2.94937099952468
3.06159183711099
3.17024543422177
3.19274007416768
2.7781730898475
2.68647321649934
2.51127692964104
2.34721479066367
1.66317613293759
1.57895732878244
1.56863443519649
1.29382846731765
1.22181891537492
1.32692243610959
1.43141295480254
1.49626206070635
1.82179529982482
2.21086311964569
2.35847976971877
2.56949938793164
2.69047504829573
2.84196631441633
3.02184689384049
3.25338412025201
2.98671596659656
2.87860575479667
2.41686330540396
2.13901979347223
2.02328054901688
1.62989023105093
1.68828609638163
1.05497959389603
1.25538721591595
1.09846074590344
1.08691895374703
1.24258248125402
1.53855401440127
1.78356508088191
1.98487529948096
2.1457749925611
2.4327750399838
2.59900351864736
2.58364566659541
2.73135586131828
2.74676149764386
2.65792751029711
2.69470531157826
2.37613904538324
2.23306765657299
1.65188827071427
1.0804076058742
1.25049001264835
0.922478286415982
0.687937982479558
0.477220366728585
0.583499321391576
0.805093305091598
0.919245704405848
1.18256371308209
1.39397867971171
1.84205561391981
2.04926761125688
2.25549133981138
2.52862174003443
2.43749516064402
1.74045254338639
1.37824545760473
0.857045665084901
0.555361797352682
0.566114730020087
0.956510705319081
1.65496392104702
2.21311679841537
2.67951474218298
2.73889667929987
2.20240906590878
1.5811911779066
1.03368224956955
0.769091212097279
0.606747720086954
0.707729035756377
1.0188166635451
1.71545995243695
2.0661891871089
2.26739341853015
2.25710728527286
1.72448573965348
1.1586984086067
0.814771024986565
0.474085287924823
0.682114329578619
0.879703993857952
1.29390357467272
1.75058970087022
2.06743963060063
2.16610046070132
2.04515604564935
2.05614892808706
1.87871595118979
1.40526505111249
1.27200792073814
0.912411452025123
0.765854474296772
0.519475306129331
0.367008628633281
0.244079101784086
0.0538086032164958
0.169658939864149
0.508294365667325
0.688067552446125
0.84896913007294
1.32383102436716
1.62175837238855
1.91772202440542
2.02566283753388
1.99042330910286
2.14876983554695
2.00798938462027
2.06704997265933
1.49911334270467
1.45790507364335
1.09052997511204
0.644810817893289
0.456806188009156
0.281285259513974
0.0123541393025589
-0.0590748753737103
-0.201689947689202
0.0432092946026582
-0.0132270712587167
0.222818132799071
0.70723455922663
0.902451658079942
1.46379000803383
1.572993781174
2.15789285654966
2.04475421602531
1.95476266329581
1.9488674867991
1.84562042043444
1.69659096032455
1.54072867802363
1.19634095279012
1.06474320347639
0.606709634528897
0.413884572985881
0.192917089419824
0.0474490229136093
0.233790819523485
0.445720894322733
0.387536090158913
0.544032916812853
0.860266075058761
1.36097230647557
1.81006530674218
2.16048053805634
2.20875250704642
2.21366571058561
2.20710098791133
2.14725264366565
2.22389720253068
1.90275991518308
1.69486727797779
1.29208414673859
0.80074844765281
0.529116910463964
0.541062705665495
0.3723451959537
0.235815503801561
0.400543964297786
0.229187631991526
0.631588876343665
0.867958059423673
1.04010879333488
1.42024548411584
1.50080263846941
1.76154589912953
1.88407172199889
2.1394310963206
2.11733547985971
2.21227989160006
2.00739794343427
1.85881698603502
1.44775307704189
1.37376738085994
0.883994660299657
0.638082895667437
0.604449550704601
0.357557038874005
0.187961415227497
0.333968203688603
0.582598020881033
0.393469348004445
0.991623389824135
1.29029618311421
1.42851955282714
1.71765669752182
2.17976433440661
2.04346560340868
2.12018649448074
2.42850754298415
2.20706554742735
2.12248794059145
1.84765063272094
1.72261883039388
1.33006746759468
0.952085135912873
0.695256175411207
0.822818936733317
0.612510351282084
0.483002666582708
0.620738106967193
0.444956678812272
0.338114127365205
0.319071990892128
0.228657783706018
0.350155613184594
0.337946931064755
0.670887758480023
0.757287131892604
0.866935470586391
1.24752766615764
1.3287366930857
1.36741911893571
1.6869863887972
2.00738430250292
1.79272049191576
2.17317711707711
2.34641070017779
2.44663744706074
2.52732528040214
2.49282838779348
2.60003069163656
2.80334146736985
2.64722495024575
3.00375077452207
2.7383384074374
2.52465986509446
2.42702086634557
2.59879222575588
2.4357361459044
2.18632525526345
2.03085330581287
1.54213269121378
1.03588670314817
1.06149058904242
0.922804531331167
0.830352298885969
0.487781695902918
0.578865667026071
0.751027700848616
0.786636855693198
1.04128549538327
1.41552104401204
1.76276514674521
2.00288014659918
2.16148711293235
2.48323068161034
2.50906558784431
2.2934540133743
2.48639985111635
2.39217352733829
2.25826140279141
2.12245398457321
1.74242222580823
1.35230637426
1.16896078571781
0.923868741300582
0.742721178931798
0.867799195432905
0.693744041306965
0.947537498250424
1.05263532070559
1.48675328742164
1.69459111984361
1.85021653610139
2.2300066297415
2.46253802451381
2.71101721807044
2.85208593242472
2.81290830256155
2.62514562422093
2.56360387283665
2.26942142867012
2.17970358323547
1.77406401909118
1.3691313160423
1.07163566274233
0.808329851317301
0.729423737298181
0.852223181951972
0.790106265672771
1.00407114558917
1.16897436388035
1.35116699212772
1.64777031979018
2.04605568346888
2.23871351069211
2.43891304299366
2.7153263631703
2.74058450212648
2.75163569117291
2.8760019765602
2.7329938779838
2.37377930950023
2.25006046160809
1.89708755262966
1.49827508418585
1.04273425225398
1.0145864100282
0.857723381816401
0.689753217883489
0.866108314575443
0.718172761699003
0.993327269186435
1.11676597831345
1.75852621315329
1.82026407190941
2.15239309271002
2.25714377993113
2.69230279915958
2.51136107255436
2.80596280671351
2.55293434534275
2.24469350456561
1.98833193542741
1.83573539273449
1.4589096065475
0.989772508534454
1.00447595196391
0.643901394797553
0.757832056636474
0.40629343557419
0.565040585761695
0.818234667272196
0.923687146345797
0.99217750354455
1.42066709168775
1.90754132613164
1.97096916988189
2.26942253947112
2.35136764559195
2.36192794663358
2.67172194657574
2.38200939157523
2.05545507449438
1.88906400634663
1.79177597832565
1.28817653852413
0.968731548355372
0.652508029840919
0.674048175334632
0.616465315367994
0.627681223780591
0.445273609619373
0.855522992443239
0.911575344382775
1.07009180800525
1.54253384787319
1.72513954362158
2.20333051486446
2.29591084009398
2.49095361754914
2.68788365876804
2.64092032643785
2.46867178047282
2.07915407792033
2.05253100284585
1.73371832734612
1.41403856005018
1.09464956077655
1.00686495243658
0.891764357273705
0.794646841090314
0.65897257516283
0.92557262674618
0.838018530462153
0.985000870566771
1.30565205109331
1.68215271394723
1.74335100045531
2.17485349899721
2.63628066915208
2.70592408170564
2.75803983525123
2.83840005655584
2.65040737600539
2.5154664060873
2.18837863241149
1.93394456113934
1.75078704988883
1.37651650437426
1.3941123578323
1.09597033044322
0.915712140757624
0.803673130710356
0.710629279213044
0.904925758933566
1.07035170129382
1.51097204090878
1.67637374287816
1.98355850418658
2.29723606433273
2.34627446607449
2.69553932089327
2.62828996006859
2.66142238619649
2.43344959612383
2.20288578064306
2.23951664685922
1.91723713259854
1.53027708286516
1.31830119267909
1.31036156190908
1.16587470255144
0.862540402581666
0.730170975384905
0.70371404312822
1.10649065699141
1.07991533214476
1.40716172476254
1.78561982407499
1.94432094035975
2.25178221725221
2.37336086222698
2.27672285837358
2.53994788362112
2.37017143506213
2.21049644727666
2.13513367943303
1.29670569811357
1.31648633717228
1.14196438277629
1.34813083200243
1.31777641139684
1.46682100008297
1.45630511439527
1.62450301244681
1.22946730123936
1.52569088886429
1.41098355019548
0.956283217870227
1.26597421411945
1.5664283784643
1.88119333359022
2.13059390563043
2.16999146127627
2.20555921861492
2.07128734872386
2.12607113462528
1.87696723152111
1.52562559289824
1.29435208804436
1.21907674594269
0.545718040020434
0.717426096019914
0.55256525495761
0.283241286905262
0.369848208896893
0.143816712596833
0.574488067667122
0.981893133404847
0.948680499797603
1.50643738090735
1.65450313187388
1.9894219304938
2.31247098750892
2.43738893244809
2.5290937756817
2.55668746626331
2.23027255134465
2.34876764954868
1.9363220272762
1.70659453054812
1.2764035843039
0.897626301978559
0.755151740597887
0.691510861493617
0.672778423500615
0.553261347109383
0.612754409879561
1.03542153452545
1.19982708924601
1.58025928161919
1.7871521285902
2.04200158214743
2.28219012524338
2.48321294446164
2.74663765970862
2.71742922997117
2.76195073756977
2.63322272975013
2.25949604432173
2.23355479116115
1.74342186913629
1.46451334976899
1.26802434144392
0.965172242016254
0.700392252425242
0.841169426372721
0.741086812018748
0.906128330489344
1.06242860609917
1.34340170679929
1.30474786213259
1.83617738637157
1.96843839461226
2.17255214190985
2.39230367124739
2.72323057991506
2.52160611383982
2.63762333552206
2.49534914875118
2.12033371881716
1.91246456031147
1.81419347031201
1.56504208030803
1.19579845882635
0.892157127653526
0.914773595279703
0.635254052640841
0.639904392698969
0.57180031342837
0.745593215706307
0.934163678502941
1.14999439374851
1.66632432259971
1.94950051796896
2.18809322531215
2.20219103599827
2.57011317385895
2.54092252889426
2.55081446150129
2.39255332758192
2.20564716264606
2.00393605995949
1.51137315901527
1.45809794169584
1.06002658959801
0.860592988792719
0.460205497014015
0.382495473452597
0.411251181562677
0.517300629961994
0.823990836366392
0.814678130145704
1.31104199727543
1.72929599721215
1.98558455318974
2.20184113246834
2.55704985412914
2.6451487906659
2.47629236612129
2.52518235277094
2.4138027590704
2.04448730618176
1.86309987484632
1.53882277538517
1.063216722768
0.987324753407068
0.639000281257716
0.422574747284615
0.425530169775808
0.580409339902999
0.410374349766688
0.617070241798911
0.736687139985433
1.1555531173866
1.22058770868895
1.39859020274282
1.87072834035749
2.26124896914289
2.3067586231946
2.1678510175508
2.15424161407506
2.10866352853576
2.01059986636093
1.6295044187671
1.39469885937409
1.07700842116911
0.687410715483522
0.489165975650874
0.522308479746941
0.304069644083612
0.610334404696708
0.700335673125893
0.633023251231553
1.04212740342687
1.34121864854879
1.48010700203449
1.71877540084784
1.82928484808513
2.03758967296849
2.22616767275411
2.39628518857368
2.26012810922675
1.92382111632522
1.58223460525269
1.36513436961209
1.10293828466067
0.862056058268737
0.528057639136811
0.240611854720245
0.339900720883607
0.215098289123039
0.213474511632236
0.3240704783033
0.414472091011146
0.615867512464993
1.14956123992735
1.13816580648139
1.44656446844143
1.66888441724735
2.08562855747944
2.08457980691757
1.96408967109057
2.11162205068974
1.91398129677114
1.55401789871303
1.53562752073038
0.936587052166639
0.751786696183574
0.340457247929008
0.135013374492923
0.15257323914218
0.0938717251581991
0.240726463234501
0.196770923760413
0.445100996109967
0.550263371617378
0.747932535785992
1.12346270454064
1.26257763506644
1.66526430961005
1.76806756957131
1.8766696588255
1.78587707483899
1.9248398252423
1.75934204321554
1.44585698399962
1.35793527431634
0.622420526000925
0.627137345000487
0.42940325060788
0.0936998391757835
-0.0613320674450757
-0.0533632402321549
-0.236302482415426
0.105513375218982
0.180711439100128
0.751286556943818
0.788161945857365
1.23368723775751
1.33555244807921
1.51929939967627
1.99884536918258
2.24338125667039
2.23286390234762
1.95043412034533
1.87498825555809
1.59866034482052
1.28945741300043
0.945442683823655
0.686057433840525
0.583643920137085
0.375288211344011
0.00875734143805321
0.16321511342502
0.0505012113372633
0.352106906467745
0.164200037361432
0.571697340948662
0.976493990208862
1.29821881747078
1.6099746175668
1.65874584174388
2.12971200896325
1.82541994220181
1.97225676647781
2.01272324212143
1.7429820296981
1.38824465691646
1.36450192942118
0.79685656441938
0.549778328646539
0.0543715287416021
-0.0973378671303827
-0.280934333198079
-0.106905012545908
-0.0833098614291073
0.139406995968554
0.408382044020099
0.466957112258109
0.821783160985326
1.06978909905941
1.42980668219268
1.53446244845196
1.72549927537597
2.0582414917047
1.76721527269279
1.70513657432996
1.82174522224882
1.44129382410571
1.43276639629592
1.21853596789159
0.646232918423168
0.670436077393249
0.414404494856969
0.149378244536083
0.221006849034261
-0.0209804157862819
0.307225467986372
0.503755804735809
0.809300940222238
1.11447637585321
1.43657364933598
1.49764486180447
1.83113362297902
2.14657881354981
2.05627338162007
2.10185638290432
2.15187932065095
2.1209639420846
1.61745015065583
1.45531523545428
1.33490743400354
1.05068072069744
0.672825923136713
0.498386094422697
0.36168434439274
0.139124382286656
0.250831162668305
0.494317000591828
0.57422604275022
0.908303547716252
1.11246348980066
1.59605916284274
1.79446900282723
2.00374209528286
2.28274822378858
2.30431174474097
2.19014559750795
2.14814830812404
1.87791015405271
1.85749130977451
1.42582988789992
1.12772543495676
0.784875800621285
0.392523909056198
0.287040141685393
0.326492397329542
0.12411158282938
0.141479520050204
0.487532460801171
0.623078001466944
0.98773999424697
0.999102394943623
1.46334588238792
1.78797163996332
1.85559317421145
1.78386511510907
2.24395739736591
2.11558766203098
2.10242722699195
2.06806068624148
1.59876299855611
1.5499576822208
1.19710322583782
1.07581368880121
0.821695023168271
0.640382531448184
0.454536730473641
0.430292139733967
0.729864323306116
0.583300947450231
1.01444438167984
1.29914884130322
1.62117018571145
1.56339783752392
2.10420229508457
2.38211948459187
2.53430315472465
2.39546928136036
2.56487963603226
2.27139956709485
0.214213006106204
0.425278643318049
0.315450119636905
0.272363014817105
0.0693620635817527
0.12483644540411
0.336730244009802
0.296667273854423
0.419216098123788
0.0458147415069952
0.288859711244645
0.671710525375921
0.977800164846371
1.27256466298734
1.52091282643894
1.86268771708141
1.89883734887205
2.33600453431126
2.25017646381615
2.23572010458868
2.16604736394444
1.99985005216556
1.70464815377958
1.42387728503849
0.957547054153741
0.544960528294642
0.494575131639877
0.407868795541942
0.300391520626142
0.356162873859712
0.300167472344175
0.199862387075819
0.370793945408968
0.532551986735091
0.843877080194405
1.25486108018133
1.33393815706647
1.82584001633174
1.83339707546588
1.9476745314962
1.80815942597115
1.83379533171687
1.49504890395283
1.58801827364904
1.04253779593752
0.885480626964564
0.580320094178598
0.305449227798959
0.15668432441051
-0.160041522152034
-0.140382306346217
-0.140507680362375
-0.0261278259549299
0.245793431465316
0.352621876167826
0.836034304998853
1.16678861667237
1.6535455781572
1.54672931757297
1.6730127460029
2.04420250111973
1.79583263111361
1.74913309731154
1.30638848111361
1.20274008824925
0.675257364678284
0.503116592514388
0.020315075257767
-0.18348919882247
-0.393635285221502
-0.435876040316126
-0.321685430767412
-0.199307717589788
-0.151236016175155
0.253792699237701
0.59920860502276
1.01038620715008
0.986695172799623
1.3345802616951
1.6388994882258
1.74333397549048
1.79019464000204
1.83230251119371
1.55650129740351
1.4933423507607
1.25641027303014
0.916110220779784
0.81689089268732
0.397810971235809
0.207082887146331
0.00394352348695108
-0.0117919059582628
0.176781099957593
0.169660431956148
0.0438226409799
0.273571490857653
0.532574877077826
1.17494930161108
1.41084189165517
1.57866933045596
1.76007999143872
1.87460849016915
1.98284763650006
1.9749698139523
1.68554492474325
1.69767270647981
1.43357158541806
1.11342918757479
0.777445112084917
0.232777056266693
0.162130442125712
0.0750899012456073
-0.203601990990742
-0.218453607733685
-0.00531027491316377
-0.135987125429607
0.190302399218667
0.537313462414351
0.739586877953319
1.11750646678618
1.1091126212577
1.65555222475316
1.60408488404196
1.68478959019128
1.50530958315162
1.5056666105648
1.01315024825236
1.11322238146255
0.432629079433436
0.0434248227484958
-0.321741733168743
-0.369601775788236
-0.667554992128688
-0.48774736221488
-0.444334216265675
-0.428916600898809
-0.515856175948777
0.0829736000211711
0.272491451768743
0.452755044357151
0.709712986805342
0.918788747319403
1.08042109234054
1.21152210315598
1.22896014467156
1.39550916610804
1.15057438549061
0.911745370355147
0.742521397696806
0.345920501100095
0.282970780496145
0.0883266079306262
-0.404219228478895
-0.18158458987797
-0.381338541508668
-0.452596036334327
-0.363625355476761
-0.211467462855364
0.333029299304165
0.656626299735493
