0.117229658581915
0.188622034290544
0.45919557462191
0.563685898932778
1.44063128804092
1.07281732340735
0.998684347552183
1.09645501069618
0.892756338802068
0.385186919496691
0.215559726009361
-0.040617754566783
-0.779707363761294
-0.824117052300206
-1.06496845984553
-1.01942094118224
-1.02410121267789
-0.418599285934553
-0.924446714261138
-0.0962558286356037
-0.116974570809527
0.0693445027324033
0.234445174528043
0.843419698010035
1.02154530680665
1.10722492346209
1.35529705827252
1.25380239666645
1.05611546686378
0.96130671993195
0.377964636778879
0.257031629890153
-0.338195183815355
0.0161628383463306
0.024656007490484
-0.357895516654507
-0.731420861030827
-0.617779948460017
-0.354263713221745
-0.376591147561265
-0.211260381060724
0.20752739885041
0.518810449168346
0.424758383449782
0.958569396526202
1.21863599780004
1.10084518034579
1.17639786899196
1.26059203246177
1.28950572104064
1.10430223219011
0.906626747039338
0.408611580325029
0.360132175017443
-0.128623276658782
-0.0952085893143893
0.153363050787307
-0.534247376973445
-0.381825450103589
-0.45274385382039
-0.174237236718578
0.00746083361004379
-0.0257092007447179
0.439625474592689
0.881374772137099
1.40731533503793
1.4414889135974
1.50624586278132
1.53256786906753
1.17492067690699
1.55563984252398
1.23082615387547
0.929311996858523
0.669616772242362
0.0390509002159699
-0.228334898038365
0.0462441593640539
-0.288766273151949
-0.70704463457248
-0.456957558163446
-0.240641430600165
-0.138243493623223
0.249640630004244
0.247819938291097
0.958123178933281
1.11152141990271
1.53327891449286
1.10015129065804
1.67809844262126
1.61393513487446
1.94177516740671
1.49426054144778
1.46295031707928
1.09872726646735
0.892755247060379
0.654320905961069
0.35081752949859
-0.213272055006492
0.223147324823429
-0.796893052764847
-0.399431970946888
-0.485186727714019
0.219165555691153
0.112212889098425
0.647572315409493
0.539929666718818
1.02499804952094
1.38820274803249
1.56906140678568
1.5992125109339
1.78355404325268
2.00442237699301
1.82729184408986
1.7954396964665
1.34828862928736
1.2575984695933
0.737247277179494
0.145546871074933
0.0778682408167071
-0.234093235928838
-0.309658007681573
0.156698831839257
-0.0614745099850419
0.306719117449496
0.583948419454942
0.514325696478405
1.26675757058773
1.37359557292628
1.6540739756963
1.47586609673482
2.10283417662392
1.75691275982051
2.13893693352675
1.97536955334765
1.53448040610424
1.50775584311945
0.863507623985138
1.39858880151435
0.554705902198225
0.169191154961112
0.380124347938585
0.00576583113511048
0.0168171947861927
0.246487106095574
0.713418284965728
0.76321913193923
1.25965241699609
1.48622119160408
1.46910536038367
1.85945296413714
2.36787195789432
1.79707647634349
2.29233258905197
2.05883412040146
2.18526162311352
1.88279343118715
1.22743181596953
1.27401387862459
0.908099505295951
0.581177767993845
0.318140197259067
0.230874046033929
-0.0878109211093606
0.198464550327532
0.642963865459472
0.637122125072026
0.451477090566353
1.13733657586306
1.31349292593974
1.50067661914596
1.16471577398904
2.11746914928714
2.34328855616373
1.80873290998375
2.04264062811647
1.75019702804629
1.68559742681784
0.977496663080384
1.49795606594162
0.378800595461198
0.317948028606597
0.298535221985664
0.153225310214253
0.0522805838064626
0.00174018520416924
0.162141249272976
0.489214026644018
0.817074203737499
1.10856865298116
1.21827914611901
1.65647475143963
2.33396459209197
2.26648527110604
2.22201960570087
2.48674109905551
2.49772207716742
2.1625875132405
2.17482730473401
1.97554825027434
2.13920172278746
1.10297708328337
1.13471273482241
0.86017657473331
0.863017844878884
0.695364582567195
0.455634369722197
2.54552591965067
2.68739849744496
3.1379627122789
2.65854201805332
2.62058588101423
2.51143810247649
2.50908046307273
2.78472523136523
2.71767429999371
2.62892351503353
2.43156338519963
2.16928225332648
2.36559801743167
1.60997393305162
2.04166431335032
1.62337424843311
1.35212528746193
1.37357249538635
1.07170354207607
0.891774327613448
0.943188022997039
1.0338648419318
1.45269152431282
1.35643893901135
1.43472203263952
2.18521333479145
2.24631191921633
2.54233583283598
2.6373831287752
3.16274173784083
3.12008642075633
2.84795026599961
3.05899293361708
2.42702605063769
1.90712358849209
1.98250176351661
1.52610412489666
1.26630366180117
1.13796430438023
1.3121823952524
1.18508974640191
1.19874212876671
1.22828118884257
1.57380285227631
1.47922430962312
1.86406999181913
2.28413028479473
2.45014765786196
2.55654136488777
2.98180381912688
3.06247073969914
3.13099186397721
3.43635054175586
2.79123858180034
3.11711924370758
2.27811332723409
2.0688432346167
1.6825755190655
1.54051399134287
1.28474727082656
1.09764835853388
0.770814068222482
0.933176377837931
1.25893802753915
1.16827091849165
1.69357399050948
1.57821437758985
1.90781608900219
2.32097024127218
2.38477875540464
2.84224119189713
2.87646959078896
2.86132522850663
2.66075200356931
2.84883259369806
2.57616274243446
2.42204726142435
1.86558830452303
1.46188063677657
1.20621721551108
0.877824714465964
0.87176237673034
1.02504034965141
0.736771036316456
1.11902793695291
1.10719508207223
1.37299931831354
2.05570986753362
2.40339735590491
2.98364818105467
2.70660811582342
2.67094682753878
3.35888709441659
2.83989378505967
3.01102008932377
3.02002677635252
2.57840893034354
2.68930594874059
1.83644799807601
1.7698752712941
1.76603194772732
1.50478101732317
1.42753670407348
0.767280768734685
1.23628745575426
1.66404351341533
1.31589042506344
1.91097711203647
2.03700460418776
2.20824401060579
2.57892254923003
2.78733455729167
2.52039389954544
2.70401714466156
3.23420605676755
2.94593759638323
2.67790761735528
2.5141701490301
2.51067670834558
1.82082229989274
1.70919446789304
1.46907834802535
1.30084480563578
1.343232336504
1.52243870600892
0.993256219885325
0.726393249956039
1.16079677274739
1.76782016382118
1.65064217291886
2.1350662887749
2.30106730205873
2.29220112210728
2.55884625277022
2.81966554029867
2.89162097380555
2.66076908688885
2.30159065735357
2.38942297626701
1.87138195713522
1.77866055376267
1.33020793572474
0.829626202588917
1.07922283974405
0.636915578288046
0.727930469526037
0.517253542207626
0.873309166465998
0.987973766237587
1.01410832967027
1.394244907724
1.64808857951884
1.83048135900629
2.02839800933825
2.55306114037419
2.17054211140483
2.01386741577732
1.40580793892387
1.02242426509203
0.250501742070611
0.814837958921322
0.991833143177646
1.63149528867768
2.31072246372841
2.94776767868717
2.5262133503563
2.20287325343173
1.49881279858162
0.873746195698642
0.644952872685835
0.525728669460385
0.930483139183404
0.827487275812115
1.47196293641692
2.01169380502639
2.13686910265361
2.27030333912796
1.86061396733453
1.07001307510365
0.262394698326495
0.4647067280519
0.142106407392762
0.878987400460481
0.847189862675052
2.03831602956737
1.94145672064113
1.93776432011618
1.96552344826344
2.11368267721319
1.73418337567752
1.8858213771365
1.69472457322238
0.840603963648838
0.70800942048775
0.611526980014136
0.290962622554382
0.464624385244596
0.304065131499507
0.521481696260491
0.518153680472335
0.541243617445986
1.30250707258045
1.18777354144988
1.37614592976266
1.76469930680082
2.3651383741765
1.9713111182328
1.91603121887724
2.08874673886041
1.94696416627503
1.59464603807534
1.42143854750757
0.79987525767222
0.62624361689921
0.461046150582883
0.143515759164187
-0.118235546506417
-0.374862395622687
-0.245461966138049
-0.148152222730375
0.390049589225278
0.203631409232035
0.574189437738287
1.27935058601137
1.3147739050441
1.95090575022086
1.77194160880315
1.89089617023001
2.08700493229651
2.00453857951547
1.81387928983682
1.90134603236986
1.64058017877247
1.41395396218114
1.16176106181963
0.456724338405296
0.192347972664387
0.329844932201729
0.0363079238459058
0.305341989911938
0.143816617902624
0.339422686267294
0.7311674591355
1.12859306514244
1.54098163872794
1.57004692873853
1.8900125648657
2.01846757038999
2.42769385921468
2.17757239074565
2.05381446689329
1.96980712483437
1.96408832484751
1.47737288383482
1.25510609174282
0.736855224729654
0.781530547861838
0.25790997157815
0.106119286594313
0.0797078382267888
-0.121521036068243
0.625578037303467
0.538638022208162
1.07899471053934
0.692958141743861
1.06814873927572
1.20030443326474
1.8372033393154
1.82143071274472
2.01800602256029
1.89059796886187
2.08368632219652
2.18733121434254
1.43548126712996
1.80678296224698
1.01087353917019
0.981832301022651
0.485324105068615
0.414179619838094
0.425595835458158
-0.000719480587352717
0.427281298121657
0.279823829404141
0.691778778529579
1.35648930628526
1.15479970071848
1.02838508887581
1.63139659846988
2.07503454332473
2.00570282691813
2.38177017484449
2.89959086189032
1.82222591918507
2.32348853939728
1.89862607671448
1.96955548933071
1.32855697312582
1.14696718821975
0.845259917946093
0.603326144729778
0.641307226388008
0.318385766024536
0.387735534654099
0.373106743358766
-0.142984706433186
0.182177792060406
0.102930914685244
0.61536152659641
0.400660412058551
0.519512692534734
0.812552212299492
0.842163281194604
1.04671353399398
0.981682257948222
1.46961753487989
1.436128305476
1.9944576140179
2.00847321435153
1.93603644808193
2.27505740034176
2.09327347825702
2.4922250601512
2.41446040383326
2.79055693159542
2.59032140546156
2.9030454780999
2.56422124652993
2.58273861483101
2.59948769323042
2.14225920439423
2.68963356605799
2.3042398149556
2.09214787011718
1.90311248070469
1.58953271310637
1.14874672152352
1.17146081294998
1.02696617720674
0.715273008630985
0.682082784042226
0.792110619016037
0.414250048490717
0.843629443206426
0.910328311517503
1.24042053152629
1.69197345221289
2.05146560384306
2.18269958334004
2.43807871249357
2.52029457256585
2.49104109522798
2.2332963724762
2.27680288299472
2.12190141944659
2.40199608587903
1.50843095437531
1.25783868581601
1.28494983915144
0.85621253730614
0.840387850565083
0.788305611213247
0.631187883112663
0.821794571219717
1.10218903276716
1.39913351156445
1.54197228925947
1.87550368253559
2.29930798815878
2.65828698817299
2.40689550683616
3.19541871343888
2.94337519765679
2.90411478591267
2.58663887588908
2.27270749613976
2.22286240375843
1.50034599782008
1.24765770552422
1.08443495108805
0.82090809474952
0.521163993123581
0.346387470224897
0.96677103365412
0.626041257446182
1.09876134647022
1.51337484970145
1.42522278099062
2.05965022918165
2.33343168533712
2.38490460460675
2.34121794744659
2.53003570324002
2.8514675796549
2.87911330106709
2.59286876745945
2.24411270662428
2.17276465843018
1.74588212640268
1.34216168978206
1.56113178054567
0.820339556936149
0.610815300958703
0.685656184690176
0.85875931870931
0.757409058141184
0.64316297729414
1.69585637650788
1.68433643543172
1.75305949593843
2.47723357461579
2.4725871578935
2.77043541285561
2.62605351997528
2.6014746545124
2.50257589856637
2.27372345457695
1.68254340063272
2.04397978635144
1.75186629565123
1.27452007845364
1.18721796759106
0.486517968309332
0.473780708273151
0.271800372100708
0.421433458095308
0.806080161081381
0.87346581773625
1.14243546516628
1.37912622545251
1.90535839608421
1.75144435525481
2.48481823908394
2.44302350108481
2.43231900909211
2.46552353288714
2.27192359575921
2.3403611627634
2.21653160750677
1.43112195501944
1.3894577811222
0.887606065676262
0.797120283983077
0.867209665437778
0.456382301920719
0.39350679460785
0.437946039685096
0.783614223526069
0.77652849705204
1.16320113375713
1.6707825025332
1.70192990574749
1.85234525518754
2.46664544939738
2.59737427832249
2.21506743035465
2.64832006973732
2.41084097820689
2.37934175518533
1.80517437113573
1.64586578410263
1.38572228372756
1.20544235887617
1.16915787820901
0.553028897801044
0.766333715464659
0.53546904680084
0.797849161965042
1.09344264137491
1.13582028759675
1.33965194044961
1.52405207433717
2.05228960896083
2.0562306492441
2.67742406598396
2.61279276368965
2.26703688689563
2.40413745468612
2.63848009758552
2.32508223152685
2.07327159596759
1.68852718240095
1.41710986997248
1.08666863642509
1.17028729029786
1.34346152712662
0.8921736849276
0.849393320782817
0.888166106567005
1.21967108512595
0.866788677728947
1.42775015962215
1.69832990070676
1.78460009300618
1.56262475691515
2.49384679323969
2.71895023626708
2.53559204281088
2.67809820334386
2.71242916382947
2.05848433456153
1.79879500697973
1.77092334418233
1.62046881306287
1.23716145611138
1.23722708401856
1.14260172419548
1.0652593211036
0.615799337970804
0.312629032832621
0.839582858912774
1.05971604148623
1.41335135322393
2.05042626372902
2.03224847589145
1.8163789598304
2.52076809139691
2.78289565816026
2.61746768632755
2.60410517542462
2.3023050928468
1.99499693193127
1.45323196537963
1.06839073567479
1.21650407926676
1.36742843917429
1.54448782560372
0.917913964770969
1.0822989230337
1.31476830662055
1.18675535844196
1.40175439430505
1.50875458072337
1.24733825951509
1.35875825352415
1.38715292610157
1.75942123848617
2.20283697239327
2.2419221343636
2.29621045556401
1.86466323884482
2.03195308054948
2.08299461769585
1.40081164351955
1.49869252498343
0.799055535562343
0.631549375008336
0.429772025673351
0.808017612868116
0.467525473953215
0.606490183203481
0.106723953670232
0.617330998413602
0.961626349551321
1.05618195369425
1.45445512743507
1.70015708229523
2.0172001639306
2.17868203137029
2.29537986748873
2.29349146453378
2.41114684842402
2.29451479090823
2.00103654114002
1.57251400135132
1.62894012667839
1.40383260781236
0.70279356433019
0.689993988697063
0.958466544561495
0.378519729321847
0.455611882112979
0.418293538455847
1.05109740610929
1.28401571214026
1.3726381043254
1.24196585935838
1.77622976327936
2.23879515667368
2.63761083244768
2.37335113269484
2.88482664532378
2.63219146382496
2.45051245789307
2.11980634145404
2.08158938624226
1.60796987523866
1.38598293503619
1.02096050311002
0.775128317075228
0.63710750347106
0.954583337288489
0.568960302564757
0.79813273837224
0.902647265342406
1.20939843589745
1.39299308473063
1.17967723265428
1.98121610192082
2.51841718548923
2.2981886662888
2.44905131394022
2.73608109197601
2.53141910767694
2.24477626760736
2.22536897057224
1.82144668071383
1.50768331802851
1.40857383150365
1.1500689843572
0.830090420469578
0.527678136901909
0.264391821701487
0.568272023460231
0.672187446859815
0.721353599040461
1.16045024002997
1.04125639130731
1.2671587394229
1.92852929402957
2.13514528884882
2.23966629951667
2.41203979968973
1.7600137442436
2.33573887224893
2.18349265849359
1.88094160112628
1.50525470481449
1.76129143143392
1.11622089539748
1.12250638511242
0.566608487400379
0.197502889028828
0.780610993318326
-0.0614032315876044
0.0890274042396284
0.941505533025779
1.15028296264356
1.44671166261287
1.72557351884391
1.92599259360818
2.76532819354943
2.19217157701874
2.67568163299584
2.58155666585645
1.79849398631037
2.48109511459427
2.02006769243197
1.13368413636699
1.46796802215274
1.38242986496217
0.943308817839157
0.440337117141876
0.221085134737554
0.522888432508948
0.648306489884959
0.283652585880508
0.554583329476781
0.658244906545134
0.870606102162954
1.18098407838591
1.79247606318017
1.87603190002684
2.16551828228661
2.42219005748089
2.11976996229156
2.18783825150475
2.06287723691948
2.21249657435713
1.67371156395683
1.12341922311596
1.02293343349669
0.915260216720624
0.496563064357945
0.347810392361326
0.317515299254421
0.842329349111693
0.707599131468075
0.488990770409318
0.751276687834812
1.13953451987377
1.35977535789105
1.91685031591436
1.8086222486498
1.86680631697281
2.05840661489222
2.26445457421824
2.01479775460506
1.86402694482646
1.79396573179115
1.70906958167786
1.26748960941538
0.89636276116159
0.506489703084649
0.33202636178516
0.300509014440132
0.142722450540083
-0.305524572605658
0.133675777117115
0.355364376081557
0.847766832283952
0.789477057353869
1.18449187502518
1.41303269032505
1.86946157530617
1.90944896766574
1.99073371561161
2.23768718707118
1.93586309505003
1.69057533619533
1.24999904950072
1.70432229828048
1.00045632759855
0.92667452342594
0.512262256490804
0.698898100002513
-0.0444408497230501
0.389207441501675
0.113051309676632
0.0958119737847961
0.339742112878856
0.565031280483927
1.15128627819962
1.27276715180508
1.2968966276826
1.43228710362291
1.61346759049238
1.77463432368134
1.99860580096122
1.66399337576415
1.55862499056937
1.69260418881128
1.3785271556321
0.983789726634157
0.383597404990825
0.290304585225739
0.16000745059294
0.231174754443904
-0.230127102289208
-0.346683988818231
-0.0483260081269284
0.340924117017801
0.460788868121753
0.61473874506789
1.09732268509599
1.02487581639471
1.81910096231696
1.95411937097161
1.987275641524
1.9996610999941
2.03629807797086
1.96348526236502
1.75602374618306
1.17436410213449
0.968544820060841
0.651135251023765
0.542387251570591
0.226860065696874
-0.0105481178596283
0.0934151471805085
0.102422004392619
0.20951944799492
0.2338409817607
0.65244567198728
0.690953676283651
1.13083839340291
1.43109427657623
1.80475606078728
1.64321020607745
1.78346756995602
2.09100867869525
1.74955555427317
2.02747662633871
1.2912464008927
1.39351808807362
0.73631675520442
0.334310044210625
0.0667557771549471
-0.0641475771278489
0.0366747788962063
-0.328215709540187
-0.404728877367634
0.387369218295721
0.439811811802233
0.5091291304512
1.1974328300737
0.968813565269536
1.48314839085463
1.83730193825297
1.79605672433617
1.71267976406013
1.89630523938846
1.9407703700218
1.44878367825614
1.50332368478996
1.29736710280215
0.912471488731767
0.520671063519351
0.422440896977047
0.263234383291054
0.628768988271528
0.242378105305243
-0.0836665317010908
0.0712116631813154
0.340724585768139
0.798513481440871
0.915536612202967
1.31315244582874
1.62220495050528
1.87781205219793
2.34832356653331
2.31589920805936
2.19842674432835
1.98300184503805
2.01881960783136
1.98088751204559
1.62550752397247
1.27434433243943
1.01435908819108
0.505619663150775
0.349553167827759
-0.206016066589522
0.180160272966636
0.13209533115468
0.205921198902048
0.743497882010447
0.712460920877421
1.04249517107344
1.54235051208348
1.8690163055479
2.3986446571265
2.05452357454821
1.86081608593202
2.35427723758256
1.80949117328581
2.44178213198472
1.93757519862729
1.25370515342136
1.0206192162496
0.831613561309158
0.466720036120617
0.180034684841491
0.331976450971435
-0.186540782919952
0.231564739888664
0.382985096817592
0.644765602901072
0.867106698632455
1.28289591042993
1.68876291104898
1.11040127485873
1.76600596034118
1.80161594573979
2.21073151978111
2.07129617024022
1.85547359568143
2.43643379943004
1.46630061594987
1.43641800141061
1.01394729287517
1.08863860462302
0.775820695239934
1.02202750357745
0.657495650618179
0.301718433425143
0.458818755585434
0.815385308271009
1.13638404542341
1.08189417900878
1.64855303244626
1.96173275810279
2.0139108128259
2.33136853227045
2.45480145586604
2.61140146139559
2.23602171069092
2.24264840353918
0.232459795059315
0.234861097360854
0.53080788925477
0.23421594858676
0.332487149224623
-0.53353961139748
-0.0929942413488467
0.0248666036793445
-0.155427344398642
0.0643261643252034
0.438271126868564
0.913286824135203
0.658289816564826
1.38262835196516
1.48029299816554
1.33269442434712
1.51578039345978
2.28341289944313
2.13157500372878
2.10167403904289
1.8966971600356
1.96417219453182
1.66722186539626
1.33195764471043
0.731026416127925
0.252118369712796
0.392762343225345
0.34744790641291
0.145926145787125
0.446347389267746
0.367206764325003
0.0785371324830736
0.482603604139121
0.632829353591391
0.607870523764409
1.19880655599614
1.32582597685141
1.68157164990127
1.82047895413387
1.90739262197969
1.73583542842324
1.51564962723906
1.26926028110259
1.37833349110102
0.738555546853548
0.907591713888794
0.784279436037463
0.0302861653256941
0.10622592235076
-0.00320693868793576
-0.697333878518232
-0.0899521471133772
0.0928897991343225
0.261272595372535
0.947791439391794
0.938880131034235
1.25710209237905
1.44363436683395
1.65077732912141
1.65534088845317
1.67631868894313
1.78810188761462
1.39738741208577
1.09683794129436
1.0507360389532
0.779594775532093
0.506155452860041
0.164966180670737
0.297967085346133
-0.505187557097316
-0.366241238236367
0.0497272439458089
-0.273242400100344
-0.280195019512459
-0.220924205740273
0.709325299988402
0.949033277522729
0.703151747361343
1.73109391328875
1.48053552654714
1.64213264953111
1.64038342026727
1.65972849555781
1.70858647719406
1.31846265253156
0.869646363651893
1.02323343409101
0.629552093312282
0.694214693164098
0.235204674203601
0.0581619183871744
-0.228827547376199
-0.0975344981510542
0.318127480607293
-0.187089376617988
0.445185426644011
0.75954224598012
0.892194417463302
1.10916443795724
1.42972879775818
1.83920621515488
1.93446343947706
2.34786152466833
2.2376352882708
1.27543301769758
1.78208966605883
1.3154863958548
0.73691987803696
0.635877798458944
0.10240949029275
0.0690527303670733
-0.0656397435778591
-0.347652007836868
-0.188633674707454
0.00419186541230004
0.042464590542167
0.0512736168938946
0.178948646026308
0.504114847284879
1.32701278565573
1.09049366132226
1.32993324864007
1.49593191535488
1.33058160809849
1.69989148190651
1.22987165283563
1.17394312769369
1.13888076677
0.811267297130028
0.272021105689542
0.0109730511576574
-0.197461969870241
-0.618884789406454
-0.500643205457012
-0.764713097037529
-0.486392296257607
-0.322199664126084
-0.100325936816261
0.32976059730082
-0.336907894656431
0.946365304684551
0.834496892312201
1.05786259333673
1.36574052874674
1.84225519032196
1.27193869835424
1.20418875129891
0.882862436820637
0.880781068002582
0.417506412889918
0.189847652021099
-0.0705655559830007
-0.130196611456995
-0.517246000041924
-0.52941310041177
-0.363833779274793
-0.542334338520517
-0.263990814694912
0.323084600309075
0.190764691905728
