0.0861123872965266
-0.2135532246099
-0.154818123617204
0.358983564501296
1.17607625823067
1.77469345376199
0.701163485432839
0.372498197373678
0.933734591277388
0.661965376499613
0.093063501380939
0.485943572083662
0.191757223133563
-1.04190186680253
-0.990254886922182
-1.42264519783179
-1.4312138960091
-1.63400687106714
-0.731467849676369
0.975824529271281
-0.036671615835769
-0.418491640542118
-0.942482412216397
0.575223478509032
0.486318006986871
0.574691088813228
1.3015353017141
1.78818048886635
0.455519656102653
0.934039515639338
0.832606940369274
0.265416259735068
-0.0643700863063679
0.542452079878732
-1.14029318550255
-0.392304319651544
-0.108542917481823
-1.32928886407799
-1.03411928844244
-0.308165154782068
-0.671838184663737
0.317974052168335
-0.196706152350944
1.05302932141628
0.846682449084498
1.38694854712337
1.55591264733436
1.29759752525649
0.928086855000424
1.12902552512664
0.642710494453041
0.848241128289602
-0.145177694194655
0.871202392332772
-0.396710732916116
0.485510598461212
-0.150671472216701
-0.824057194613325
-0.453775833728532
-0.733973190531925
-0.73086438164866
-0.81703023961059
1.21862936558969
0.731574035925258
0.21006391925463
2.01541870677347
1.40212648244701
1.48071451571467
1.85503048436551
0.569626726344858
1.04574976558855
0.87479241623069
0.17244868700456
0.616483912246253
0.493939904933051
-0.245973792740486
0.0638029252132951
-0.292729601273481
-0.912406872126832
-0.337892120943629
-0.497363643509438
0.151244858390702
0.857911845317672
-0.28688929560155
0.152625568460882
0.369105620760378
0.0983475047286011
1.21316822342838
0.799178351734069
0.867412726998081
1.21030531022734
1.48222069027668
2.0488474448461
0.493791432245186
0.633394767411473
1.13644557977503
-0.322888308959471
-0.200466631646133
0.263643950363362
-1.37716990724554
-0.404268265971585
0.292587843863356
-0.168452271398362
-0.255085072022307
-0.364364659117731
1.13796503512256
0.43496149939401
1.24959246140452
1.79238674955247
1.79595595155572
1.746239001881
2.39609042793656
2.02663962344206
0.931878252027113
1.97550529745547
1.0157453830139
1.24191840307438
0.4588757496163
0.363363197927731
-0.258363515866835
0.435561486606555
-1.00336944876764
-0.0605184209430528
-0.487366877331472
0.166348385836229
1.2294370955028
0.834811394138284
1.20990162542995
0.640979451736143
2.08579222740531
1.57339333611838
2.75655552661374
0.716067283684601
1.35701002079603
1.36559543708257
1.64166946006009
1.1379241239422
1.00542362695886
0.214464365076724
-0.327322177546996
-0.986528616719036
0.625514870178215
-0.466419060895829
0.417498951652869
0.162303176104232
1.0375302464224
0.555215399911303
0.603083154785776
1.62359149030322
1.48632625091664
1.69200405333655
2.26500244262794
3.39862071453442
1.72551423910752
1.41075348363201
1.65341039290057
1.60659060277857
1.23041257916567
0.145920771541757
0.555093287305128
0.940207438779261
0.786457887524617
-0.303390999350837
0.0227570932868737
0.506373447881505
0.383195072022766
0.995784584364091
-0.195823554685125
1.10615552665198
1.8248420145944
1.49974445078081
1.98623464280322
1.53073208508145
1.21282782032772
0.941473802680164
1.19841303394984
2.14380029274512
1.85216872280043
0.459235184862786
-0.16469686381979
-0.43115416070688
-0.465582261874762
0.295164261488877
0.128670049341055
-0.200575660026152
0.153933156056715
0.103005868864501
1.55833604033747
0.657177400205379
1.16624083358923
1.14534463268176
2.44242155845782
1.63707866665434
2.08613080735716
2.54517288147209
1.82222461428419
1.86913618732791
1.6799510927939
1.44825952660916
1.46451911853469
1.11788563607695
0.699891601941887
0.0937070262645112
0.00117668849838848
-0.41258565083573
0.135121453816289
1.96039012414107
2.13530757177197
2.27096752243714
3.37309924347379
3.21603348857375
2.15038592883388
2.21830124812217
2.76487419347138
2.77406363614786
3.46495789535419
1.7317101033057
2.73215861782254
2.43207606951893
1.68062602794726
0.930501998254957
1.83588738778735
-0.0919078745286883
2.29885053939481
2.22746736019157
-0.0822828727432372
1.20959605509429
0.7839559741292
1.06435023527513
1.21304428763052
1.0669261397503
2.228078607217
1.29874559907371
3.16958251450686
2.81417373156103
3.84910379169243
2.68364018545383
2.68125438523252
2.34146398705296
3.13972752916917
1.5567916517223
2.03119756770233
1.53025447043409
1.70831741787845
1.19000314969951
0.46150569740637
0.410788235836026
0.335605659868034
0.376641153928728
1.50450188580996
2.75799653881075
2.43749102595466
2.2119571462814
2.10231171693942
2.52877555275629
2.13553175882567
3.13085750479962
3.15450739804329
3.81420621320313
2.77150930350608
2.9149415120346
2.32856038329779
2.07686566334267
0.921128471825211
1.63883268336715
1.09065740086241
0.499543949260854
1.16430101633308
0.510026476670335
0.96650752161408
1.38927537605079
1.04040194622096
1.57235711471558
2.68735108685205
2.13846359895973
2.23343662865972
2.44627994358848
1.62507522999464
2.48512228085404
2.33762327600904
3.28501457516581
2.95143216988163
1.08426686186156
0.908029009869111
1.68561591472286
1.0427281681212
0.343121275053069
0.290215703573199
1.46896078662448
0.9588768492474
1.92300939165716
1.68350976868498
0.904365603582307
1.45841430169048
1.80753638836757
2.05054702463013
3.11314025757302
2.19121288399053
2.97268690094974
2.93990744465468
3.55062592388347
2.71610329491418
2.25172793764343
2.5773114920672
1.49371218677889
2.21403128589397
1.25498238732942
1.11608169426896
0.920044190546631
1.49782579872942
0.956552637571682
1.48332319866029
1.07204627137102
1.32866923138562
2.24397203184116
0.798054517620735
2.34548488340337
1.64590457690003
2.70015457902437
3.62842378554927
3.12941227122194
2.82580032815717
3.02483698382055
2.23913474695962
2.04071192008708
1.70452747504305
1.69575042847604
1.29147836150799
1.22052049403744
0.868332665839852
1.37431561848588
1.0019348493118
1.42520428102542
0.724458785419912
1.05584228593189
1.90793642446391
2.0980385706031
1.84730531144793
2.19831688936716
3.18170186578337
3.35637979241239
2.51842892494182
2.30505530203857
2.23879526309048
1.31767255862112
1.45465624210211
0.827126344397771
1.82640383067319
0.687499487805935
0.743733616700941
0.270919465447237
0.0930806103070498
0.917155059267439
0.189585378462848
0.0426897724593085
1.41961601642491
0.971575165097411
1.86496171902122
2.46987153191814
1.87687037256128
2.95482725148323
2.18334726375535
2.23098998911721
1.26867969760845
0.855780333084792
-1.14308597958372
1.27143803062874
0.77430237199472
1.72697214956521
2.14854597175756
3.50009519224127
2.43355079257435
1.12061769687757
1.60395931199793
0.574907135582437
0.712318032769466
0.146455147727334
-0.599410158994176
0.315197418636998
1.32712004564778
1.94332831047893
2.14781396445111
1.6723917585465
1.75542996885628
0.377721284456998
0.975465220384269
0.336136167340962
0.787920317029569
1.52570839073299
0.412841187090594
1.62629792033973
2.53229967895214
1.72152989270475
1.80871051318578
2.43490458961235
1.23047949824695
1.5744293855738
1.6506284197541
0.62456108642804
0.514168014397673
-0.142100793238611
-0.0755017991862683
0.100505087068667
0.800453081463965
-0.523027448936982
0.545759231132144
1.09735751643156
0.961212147800398
1.86927629477494
1.09340068951436
1.15035283597665
2.14657387439778
1.03563292250651
1.81325392254823
1.90084721040197
2.99660369167884
0.551912621275539
1.15848604357067
0.540348285380588
1.05415455755037
1.08307950870186
0.806612100193648
0.0447972822650377
0.212665877069653
-0.359849116331384
0.0458769784248929
0.0604833254566317
0.202822597441224
0.475763935353002
0.930068614120959
1.79924157210776
0.439315563079923
2.40197941009398
1.67761679129421
2.57044068242117
2.41828762246452
1.56611669554141
1.38802405295099
0.898556189214753
0.774322298702912
0.2728952507286
0.0332486484215426
0.22247356250833
-0.0785066181624422
-0.0598478246412631
0.77603006204211
-0.475054573335221
0.970207447407208
-0.218624934703306
1.12014183843737
1.65061857860582
1.51662826928517
2.26326133384262
1.79039027436759
2.34712420864275
1.50039412257343
2.86228235237893
2.28068897290019
1.37367969125786
2.13992152145456
0.618714807919116
1.20573943237409
0.433919292188493
0.668212908444969
-0.322204678976959
0.473233971261889
0.728146011213585
1.04794966065016
-0.0654455498703742
0.266379699281916
0.227301559493351
1.06221891515139
1.60886635873493
1.16822456658929
1.95705401665763
1.35192140487271
2.7701201236596
1.51598445810658
2.19505815512888
1.90486100533849
1.53430025408256
1.39077032903805
1.18160764608006
1.24117426449597
0.525124691653166
-0.598565570700516
0.75664256658492
0.614475197199592
-1.27925637188699
0.17397511553963
0.689431276316004
0.998873185732168
0.637887319273909
2.45082311081338
2.51909350627855
1.85082578986894
2.78499802852085
2.27579303221774
2.16970267271811
1.1413480065786
2.67060331836986
1.59436559388191
1.35243429772383
1.93716806472266
0.592330050582274
1.06217330863436
-0.0513773924694808
1.62228474269118
0.25298441026391
0.517926199706793
-1.33240312003633
-0.188930454948121
0.668683667158981
-0.498419617919949
0.490030010480516
0.374109119992335
0.560160085775923
0.618309723122737
1.33235095219927
0.812178565293258
1.83460375295508
1.37775663555706
1.89598968632142
1.85287647785853
2.14888630039285
2.51425593162732
2.13719544467593
2.51278355878939
3.34335733721262
2.79555888535459
2.87717847111931
2.78378488353761
2.99549727396388
2.57088070025317
2.58819105622739
2.16312745243563
2.53844876186818
1.61813812177457
2.00798682113463
2.02980548450473
2.39695619323804
0.545290966433834
1.22076241880001
-0.0359387845755061
-0.21565339083889
0.914357210239273
0.344123683705305
1.25578199091407
1.4685357725381
-0.156645989947849
1.06216344488596
1.1764845642618
1.25923385998172
1.93386329563576
2.46067805437041
1.69777444189001
2.5466388471115
2.01920672365483
1.95863727312631
1.30373775386722
2.16448269513906
1.25284687313209
1.26602218041965
-0.109872157643989
0.237410173623942
-0.158450144734017
0.77803208922981
1.08304113348416
0.205552976569017
1.98221892529306
0.872323834226544
1.59008114656455
2.94048449001035
1.32746413991613
1.82867992013586
2.15338810473892
2.57162808484695
2.8182285674139
2.72507557897276
2.32975806861897
2.24213138571448
1.76437342476156
1.87384245476188
1.26606194958143
0.850543996419808
1.73573747807686
0.563350224399715
1.1087022357342
0.364188286769807
1.97049111521774
0.626341290499032
1.66683762061042
0.865028312839339
1.94061426843059
1.99066842386979
1.91332460505626
2.93506304106182
2.23031660497492
3.83955452973107
2.18712431621918
2.85721989346986
1.9287410145656
1.07049725608432
1.02346430306828
1.12590976147008
0.506090851806792
1.39556153473153
1.06665808567308
0.6280236138299
0.798372043695605
0.0215664999658752
0.43501750586928
0.904953651189809
0.260194541778669
2.65964595886667
2.17676935766759
1.87070746834949
2.65419636164282
1.87712616335491
2.36046378435515
2.04987808111238
2.54395041059509
2.0981248947315
1.48098020175
0.404550258425593
0.545316126651819
0.82644586301405
0.837932055290099
0.346548108093734
0.228673838642617
0.811467829656256
0.93797139985488
1.20180780189578
1.91613958804185
0.738983247545143
1.96178042404327
1.15198835876253
2.575928791115
2.3931584810087
2.20250847439158
2.60402162725388
2.54216422999308
1.78413509323047
1.85753378914484
1.94270187898695
0.985659230721089
1.46381700527027
0.0800397184628427
0.363045673642909
0.433052753623335
1.12059598700262
0.177877150678437
0.849849183358815
0.581788676262043
1.1271880001484
1.49443475125895
1.97956003171403
1.42511030937933
2.69907248274479
2.67310075856994
2.27138711010238
1.58995411649093
1.755802280322
2.90470697541632
1.63222814675357
1.58000998535924
1.68527758719823
0.841204572155537
0.442099251374905
0.814444626487754
0.754738357014364
-0.565510242629363
0.128078409102874
0.300792894388009
0.805827958086948
-0.262295586597737
1.60165918829419
1.87222074971865
2.3426870815106
2.04099702552359
1.93651722881104
2.85312774017847
3.23755395600142
2.61610004905452
1.50817488533744
2.48955395275597
2.02345985524561
2.02609986974765
1.3178474374307
1.04783057102205
-0.0388391326493602
0.409287079046185
0.711300294775024
1.41407361360448
1.27573330008196
0.510584984912215
0.790524245696976
1.61994658232141
2.16985245165692
1.6462553909752
2.30142101819149
2.87236746294793
2.32574137598204
2.48379388621872
2.09270586132794
2.66737085394873
1.77746010205143
0.814395278378216
1.58232540247992
1.75153389379476
1.31888217701017
1.21598635455288
0.359170448594632
0.298903211865141
0.672076312897596
0.341027226687774
0.855557223534075
0.0928298876899782
1.52917914641969
2.44468795552587
2.1348465282205
1.38541619331606
1.87089436201029
2.12928941627002
2.79293458924437
1.86533144018029
1.68398549367013
1.45055543961718
1.62012152749065
1.59883807047294
-0.183196440413275
0.287056063345635
1.7922154385516
2.02807228649018
1.12227175649746
0.887609981787811
0.593082917070574
1.43082417823354
0.986221882296173
1.65924646906415
1.34687507048983
2.00150189628532
1.96881068695491
2.57795186743612
1.79375558280133
1.81923500673574
1.90838812899841
1.24165568288514
1.95186194250081
1.19750047710868
1.08009291322957
0.441253020377887
0.343888651492762
0.476278017786425
0.0984870861308552
1.26942669096622
1.00287633954431
0.0530417714433546
1.04848239843773
1.62064362709764
0.796949035772886
1.15467271515409
1.79226000655574
1.47225028631737
2.22640825377964
2.45276392848905
1.59578589878105
2.12384562001767
3.01932376309085
1.75860222173918
1.17833783964756
1.01095414419752
0.904029367320366
1.5146481105211
0.877151837858408
0.30882732444666
-0.259595087163713
-0.28058583953873
0.194440419862596
1.39366385285105
1.89847910330026
1.63011879404681
2.13851541649161
1.77326573309901
1.24387094001704
1.96289329144366
2.36075469681504
2.63926877591353
2.88099405594984
2.43106459495189
1.91297421125265
1.66645327558353
1.75015057814019
0.982273865855751
0.349916955022091
0.0856605971313652
1.47720876428975
0.405414028180531
0.469116892745462
0.99009777374993
1.03571532562603
1.76832874010877
1.71305045767065
1.94974923553537
3.06743809589777
2.19990336526531
2.30759086625222
2.26030900287701
3.10161006739457
2.42045136324837
1.61892342902271
1.55212987202462
1.27759688695237
1.43080864598938
1.75501004744806
0.975636439067444
0.157748111075216
-0.559593666121607
0.69778108560057
-0.25317787065416
0.409324943298552
0.611263087028578
0.879596508127127
1.06233470513962
2.07331864871423
0.779345495147728
1.10987370364149
2.08062318771766
3.21379043858928
2.25531205702605
2.18196251859447
2.56721089760355
0.928760065489024
1.5011211513507
0.693263808929714
0.686519947073993
0.316850456321448
0.443805802192535
-0.705536435456374
0.315041443583718
0.783401101487646
1.28618893977863
0.0764393966888421
0.29236113454721
2.17815160592283
1.16354897827289
2.98638152009389
2.84715029933109
2.04834009268831
2.65169568784657
2.57529723202083
2.26993132806748
2.8147351072366
0.656489251870803
0.973523113223769
1.34796048851575
0.5202235960638
1.03505505932558
-0.245283220235861
-0.558102565084459
1.41975317424761
0.560120442435724
0.53269156762161
0.61547909644942
1.34107273038091
0.539563979536515
1.42918850057663
1.46473703701705
1.68277331992416
1.93567520470029
2.00445482504169
2.64389528257588
1.13282413396413
2.0653678839799
1.96509895249929
1.54434190015352
0.679166536984452
0.0356707386689862
-0.0212275603030486
0.601725585584715
-0.950247592567045
0.306670463947864
-0.314093321584869
0.444777309040396
0.455906096315612
0.77157429960921
1.28123526663043
1.58746938262378
1.10636708653339
1.73712789101432
1.83565585592566
2.62392199023033
2.2167255378913
1.2773381701351
2.0595422631017
1.37547031972325
2.41733756638743
-0.164168379056147
0.653392882918942
-0.0306818810792082
0.177577030666176
-0.494844823395158
-0.217042664232337
0.442432329715509
0.449642999751671
-0.52132842433443
0.639212252754726
1.32565951517263
1.75450934134565
1.18952640663173
2.69506927639605
1.90417382552275
2.05299652530491
2.01032794031876
1.94837435508499
2.04822215461642
1.64782335754976
0.802416140642457
-0.602072375558019
-0.115127794454146
0.123971104766672
-0.748551070999193
-0.509916868826687
-0.809182525975993
-0.246226545470031
-0.326386326608654
0.25686910431794
0.2854483226559
-0.0317865887001347
1.44383127976801
1.19875872577189
1.88299112254131
1.54721716226969
1.93198565873455
1.28523622557954
1.08007523319133
1.29875573856678
0.490394319492694
0.361697930454155
0.139039650391395
0.252695742966735
0.0971936037584056
-0.216863116841324
-0.832019353190907
-0.345633030739283
0.691229242443673
0.174066539395407
0.553605419839308
0.890936643991598
1.01157256872508
1.49863753701655
1.25917849226203
2.02337286253873
2.05930599491263
1.89390804430048
1.6360509567784
1.08907553415156
1.95431159953097
1.27315549504826
0.950804481726448
1.26431955384361
-0.381517927167485
0.0784035767407121
-0.821087857962487
-0.141239197694619
-0.206199809907695
-0.15827750044222
0.08420245430509
0.923026334697291
0.141088160058233
1.41302331762684
1.98887262465573
1.12444377736362
2.21283209756189
1.90538896794607
0.880158869898972
2.35839084162713
1.83952287351288
1.29842718743361
0.621948289864517
0.586956307111483
-0.313382200751227
0.225168780106778
-0.72924161676996
-0.818996059204915
-0.586481705828026
0.247160397868744
0.412210110040611
0.487868311019776
0.422963003766537
1.40755532287534
0.850210416038649
1.10819185755696
1.41868512100738
1.61073986841186
2.03336840702952
2.37475446910895
1.45733593795995
1.03866559775002
2.07719887136856
1.16949382118424
0.571944934305472
0.0431834354766211
0.27164346927515
0.194645746860923
0.522882817622148
-0.796030481290355
-0.243847794526356
0.103175708495815
-0.740504405001281
-0.929097782101598
0.19343734260268
0.423015861378124
1.33013780892342
1.43527159919222
2.5677317418432
2.52092552104545
2.84855675310264
2.90595113733199
2.06925838513864
1.16064015372966
2.03766120197079
0.960007716234661
0.754403495796728
0.139393484855682
-0.517740795400495
-0.391747743667284
0.301393144178803
0.905846418075135
0.402266440756794
-0.257279399104289
1.06502093104492
1.56631223822651
1.36875690955444
1.21485178602286
2.07637391503479
1.01064870641714
2.64369129510871
1.7799582910959
1.92938880303247
1.73980380009719
1.61187928492963
0.887365974625779
-0.13686841899176
1.00563663859909
0.100694317594266
0.353850447979953
-0.160725908295866
-0.749160267186558
0.423072860572862
0.638514833015052
0.658961082793632
0.836737391876374
0.570029221855044
1.64753942071502
2.01070332481569
2.0881817239064
1.45301855486418
1.91162507870049
2.12538824793354
1.80340151439704
2.11692702915784
1.4908027255555
0.970331325698257
0.93814384588729
0.861069661640688
0.250078735522526
-0.360401673835249
-0.190145170356126
0.0823445011331673
0.0188030459916416
0.0777996694263742
0.786111980596287
1.26839923028501
1.21800678322063
1.32433600615917
1.85292105941224
1.70590947690008
2.18929422102354
2.32297794515879
2.80008765142335
2.55230422828558
-0.718062067797409
0.276996502707002
-0.720793301863453
-0.779828669709267
0.653090106767437
0.287778646593021
0.102941447581798
-0.0301608154108398
1.21147537081589
0.687384359236735
0.289999626499684
1.69061529540372
1.68909950109244
0.794427977523886
0.441274783453343
1.8257316737666
1.67999935888511
1.92739340117823
2.2286551340876
1.41915871448303
2.58909469493976
1.38738182128799
2.04609199658771
1.77357390789378
0.682156455230586
0.272792065804979
0.813190445001867
0.0100517674855796
0.753126988816166
-0.504322478638062
0.0879238596586294
-0.0552965998950897
0.626913030079264
0.86851323705152
1.37225672596497
1.59083455517348
1.6512084467472
1.56180499308635
0.484955776926
1.24782357465511
1.54861358901141
1.10534915169099
1.36649729193607
0.140847326424705
1.19986144460024
0.860163434724325
0.116610715333747
-0.0697570583674553
-0.109422598869324
-0.024605723926428
-0.124317572830571
-0.364244490099627
-0.240339194426241
0.286010768396634
-0.553653529546654
1.00482741519268
-0.106147111402508
1.71898687093919
2.65073183561206
1.1250960304104
1.41613126960584
1.13562033497387
1.70705611502218
1.76215320553154
0.455267293475646
0.207690012574865
0.176391358450651
0.0789840383404909
0.216014541192607
0.162149644479885
-0.364038597600818
-0.56256232634973
-1.18255572010107
-0.906791866175885
0.485329341390698
1.0350034436008
1.05515277410136
1.20573523147679
0.671483509471474
1.44791229526552
1.65719641162522
1.14306151152496
1.60590121670288
0.7711235030618
0.769116840422149
1.30199471608035
0.85561569468102
0.680413254026112
0.0816844499758838
0.532818796919714
-0.760317411422169
0.227268117020914
0.450248486062129
-0.00432490224858229
0.119298608042365
0.862605484678411
0.744898364591798
1.32931669280565
0.320663634817301
1.86825014445392
1.70594547002338
1.74280493735887
1.85814955945717
0.867841275980689
1.93851487405938
0.117870088233697
1.0726463384198
0.122633689854717
0.42929782865476
0.545874308700764
0.143220342072061
-0.329581638948095
-0.508255035418434
-0.372611816571822
-0.582652531380004
0.0196255632708279
-0.0421231624652632
0.34917101251548
0.185361308751466
0.982505081983034
0.771532743043449
1.00660810547828
0.975530187660458
1.27709169216735
1.13833795895453
1.72136984968666
1.0822092908062
1.50473612943695
-0.766308144880647
-0.0149308963063342
-0.443425509635208
-0.289506190309607
-0.460467478695616
-1.67652298660806
-0.410897066408559
-0.802764821376041
-0.407152994218769
0.340156838920399
-0.475433807578316
-0.583924661016534
0.310062212497036
1.40693665562586
0.7105759649644
0.154635575036646
1.0605070319111
1.55745905112658
0.310673195653414
1.79026305149496
0.685564922146494
1.08976163005294
-0.860580749490967
0.676817556260315
-0.786096771086913
-1.27114696115132
-0.557853081744405
-0.171375014305944
-0.672462261381827
-1.0545657799718
0.00675057117918867
0.68020975725711
