0
0.29552020666134
0.564642473395035
0.783326909627483
0.932039085967226
0.997494986604054
0.973847630878195
0.863209366648874
0.675463180551151
0.42737988023383
0.141120008059867
-0.157745694143248
-0.442520443294852
-0.687766159183974
-0.871575772413588
-0.977530117665097
-0.996164608835841
-0.925814682327732
-0.772764487555988
-0.550685542597638
-0.279415498198926
0.0168139004843497
0.311541363513378
0.578439764388199
0.793667863849153
0.937999976774739
0.998543345374605
0.969889810845086
0.854598908088281
0.662969230082183
0.412118485241757
0.124454423507063
-0.17432678122298
-0.457535893775321
-0.699874687593542
-0.87969575997167
-0.980936230066491
-0.994552588203989
-0.919328525664676
-0.761983583919033
-0.536572918000435
-0.263231791365803
0.0336230472211367
0.327474439137693
0.592073514707223
0.803784426551621
0.943695669444104
0.999309388747918
0.965657776549278
0.845746831142934
0.650287840157117
0.396740573130614
0.107753652299444
-0.190858581374188
-0.472421986398466
-0.711785342369123
-0.887567033581505
-0.984065005081643
-0.992659380470633
-0.912582449791185
-0.750987246771676
-0.522308589626732
-0.246973661736624
0.0504226878068112
0.343314928819895
0.605539869719601
0.813673737507105
0.949124553647893
0.999792900142669
0.961152724502117
0.836655638536056
0.637422596150239
0.381250491654943
0.0910224161998479
-0.207336420606759
-0.48717451246051
-0.723494756044245
-0.89518736781968
-0.986915558120649
-0.990485520897156
-0.905578362006624
-0.739778585077893
-0.507896590390625
-0.230645705927396
0.0672080725254749
0.359058354022168
0.618835022120039
0.82333300073808
0.954285094492697
0.999993742857021
0.956375928404503
0.827327900595379
0.624377135416394
0.365652620282621
0.0742654455843613
-0.223755640186796
-0.501789301020571
-0.734999618048775
-0.902554608210185
-0.989487083254535
-0.988031624092862
-0.898318242557356
-0.728360767831596
-0.493340994956778
-0.214252540295888
0.0839744556917468
0.374700263649459
0.631955213006885
0.83275948530778
0.959175832953078
0.999911860107267
0.951328738786783
0.817766254526442
0.611155146262596
0.349951368956669
0.0574874781049246
-0.240111597953774
-0.516262220079927
-0.746296675644916
-0.909666671833525
-0.991778853443116
-0.985298383841204
-0.890804144076861
-0.716737023160658
-0.478645918588421
-0.197798799636462
0.100717096992501
0.390236235307946
0.644896732944867
0.841950526092301
0.963795386284088
0.999547275043892
0.946012582626908
0.807973403666985
0.59776036690526
0.334151176848421
0.0406932573498649
-0.256399669633018
-0.530589177750204
-0.757382734846826
-0.916521547915634
-0.993790220740546
-0.982286572903635
-0.883038191005419
-0.704910637414253
-0.463815515983827
-0.181289135869695
0.117431262827096
0.405661876555336
0.657655923013864
0.850903524534118
0.968142448412189
0.998900090745021
0.940428962947006
0.797952116722635
0.584196584413286
0.318256511102488
0.0238875315027389
-0.272615250143074
-0.544766123410305
-0.768254661323667
-0.923117298396357
-0.995520616478515
-0.97899704280113
-0.87502257898945
-0.692884954233696
-0.448853980101705
-0.164728216727132
0.134112227645657
0.420972826142765
0.670229175843375
0.859615949376746
0.972215790304539
0.997970490187281
0.934579458388417
0.787705226984118
0.570467633637378
0.302271865573727
0.00707505199993094
-0.288753754897737
-0.558789048851616
-0.778909381285737
-0.929452058477416
-0.996969551427024
-0.975430723573433
-0.866759574260759
-0.680663373607128
-0.433765540975684
-0.148120724431636
0.150755275285162
0.436164755247825
0.682612936632404
0.868085337380418
0.97601426031645
0.996758736194066
0.928465722765379
0.777235631526226
0.556577396125799
0.286201759556754
-0.00973942781275345
-0.304810621102217
-0.572653989411214
-0.789343882353547
-0.935524037149615
-0.998136615932703
-0.971588623516109
-0.858251512995818
-0.66824935090822
-0.418554464518425
-0.131471354373547
0.167355700302807
0.451233368698421
0.694803704154534
0.876309294018501
0.979536784517009
0.995265171361228
0.922089484597452
0.766546290388713
0.54252979902697
0.270050736508166
-0.0265511540239668
-0.320781309043145
-0.586357025092822
-0.799555214409479
-0.94133151769923
-0.999021480034635
-0.967471828895482
-0.849500800655243
-0.655646395919263
-0.403225051315476
-0.114784813783187
0.183908809306343
0.466174406187172
0.706798031747792
0.884285494154484
0.982782366992693
0.993490217960221
0.915452546620811
0.755640225739421
0.528328813979136
0.253823362762036
-0.0433553735008584
-0.336661303372115
-0.599894281675076
-0.809540490431883
-0.946872858193348
-0.999623893557639
-0.963081503641501
-0.840509911303724
-0.642858071838839
-0.38778163540943
-0.0980658204000238
0.200409922281068
0.480983643475887
0.718592528289134
0.89201168269937
0.985750090128949
0.99143437781871
0.908556785278565
0.744520521019825
0.513978455987535
0.237524226238839
-0.060147335232957
-0.352446114382267
-0.613261931806889
-0.819296887311281
-0.952146491944105
-0.999943686183007
-0.958418889018679
-0.831281386910523
-0.629887994274454
-0.372228583074531
-0.0813191011387902
0.216854373912967
0.495656893589894
0.730183859153167
0.899485675249252
0.988439114869625
0.989098232178689
0.901404150190234
0.733190320073292
0.499482782289164
0.221157935148347
-0.0769222916753827
-0.368131279277672
-0.626456196089503
-0.828821646648584
-0.957150927951622
-0.999980767496655
-0.953485303275142
-0.821817836630823
-0.616739830220241
-0.356570291582233
-0.0645493907530878
0.233237514907743
0.510190008001763
0.741568747154996
0.906705358702894
0.990848680954198
0.986482441532148
0.893996663600558
0.721652826256178
0.48484589120574
0.204729116686757
-0.0936755000911281
-0.383712363435031
-0.639473344145094
-0.838112075534939
-0.961884751325555
-0.999735127014686
-0.948282141269947
-0.812121936068002
-0.603417297020244
-0.340811187957965
-0.0477614304967207
0.249554713305244
0.524578877804279
0.752743973476737
0.913668691859171
0.992978107132717
0.983587745434345
0.886336419807719
0.709911301532188
0.470071920984982
0.188242415728443
-0.110402223891903
-0.399184961657542
-0.652309695671409
-0.847165547313092
-0.96634662368512
-0.999206834186354
-0.942810874078687
-0.802196426517201
-0.589924161317414
-0.324955727729479
-0.0309599667832713
0.265801355789127
0.538819434872094
0.763706378577572
0.92037370599417
0.994826791358406
0.980414962294695
0.878425584571251
0.69796906555012
0.4551650486306
0.171702493512778
-0.127097733977381
-0.414544699420321
-0.664961621482298
-0.855979502320025
-0.970535283537485
-0.998396038374427
-0.937073048577596
-0.792044114190272
-0.576264237988663
-0.309008393667203
-0.0141497498440743
0.281972848991116
0.552907653011909
0.774452863087046
0.926818505417785
0.996394210957892
0.976964989145398
0.870266394499711
0.6858294947053
0.440129488721396
0.155114026326195
-0.143757310072189
-0.429787234107207
-0.677425544533791
-0.864551448610608
-0.974449546634441
-0.997302968812964
-0.931070287006203
-0.78166786942238
-0.562441389066343
-0.292973694516759
0.00266446761474624
0.29806462078968
0.566839549100802
0.78498038868131
0.933001268009713
0.997679922778967
0.973238801387817
0.861861156418334
0.673496021185026
0.42496949221961
0.138481704180122
-0.160376242060473
-0.444908256238543
-0.689697940935389
-0.872878962662193
-0.978088306307214
-0.995927934542497
-0.924804286508678
-0.771070625860518
-0.548459522646272
-0.276856163724273
0.0194779317560102
0.314072121602702
0.580611184212314
0.795285978942191
0.938920245734593
0.998683563315886
0.969237452516705
0.853212246716819
0.660972131998132
0.409689345269107
0.121810229484982
-0.176949831317573
-0.459903490689591
-0.701775340946424
-0.880959690059773
-0.981450533779349
-0.99427132432266
-0.918276818653999
-0.760255379634029
-0.534322591782857
-0.260660358154631
0.0362858889555209
0.329990825673782
0.594218664730167
0.805366720198666
0.94457376513623
0.999404848812137
0.964962073822356
0.844322110677491
0.648261367989156
0.394293367983544
0.105104315720688
-0.193473392038468
-0.474768697899166
-0.713654329957006
-0.888791346161655
-0.984535278457576
-0.992333606522275
-0.91148972893511
-0.749225188507552
-0.520034593371436
-0.244390856803131
0.0530835871460582
0.345816232351721
0.607658143449043
0.815219762350661
0.949960227810725
0.999843575340667
0.960413874070768
0.835193261783906
0.635367322837227
0.378785913225019
0.0883686861040014
-0.209942252562513
-0.489499675068414
-0.72533154945345
-0.896371716745358
-0.987341668200569
-0.990115328986941
-0.904444936247085
-0.737983171016499
-0.505599567018302
-0.228052259500861
0.0698662771608467
0.361543867363128
0.62092582066232
0.824842319674804
0.955078110858394
0.999999618861538
0.955594139161859
0.825828281010248
0.622293642040087
0.363171365373259
0.0716080722532225
-0.226351756694393
-0.504092257348891
-0.736803697967766
-0.903698658633707
-0.989868909565514
-0.987617118884119
-0.89714443234468
-0.726532505585398
-0.491021593898469
-0.211649185614272
0.08662921407643
0.377169284077246
0.634017945236295
0.834231671612121
0.95992596731431
0.999872935256997
0.950504231765951
0.816229816091642
0.609044021883292
0.347454139086227
0.0548272128502745
-0.24269726502038
-0.518542319020162
-0.748067532011187
-0.910770100300669
-0.992116288032461
-0.984839682525844
-0.889590281279177
-0.714876429629165
-0.476304795601992
-0.195186272739005
0.103367658554006
0.392688064763214
0.646930815670855
0.843385163537085
0.964502426557449
0.99946356034395
0.945145590938488
0.806400580775486
0.595622208395335
0.331638678051771
0.0380308523011349
-0.258974156220102
-0.532845774656319
-0.759119866991039
-0.917584042457132
-0.99408316820631
-0.981783805169018
-0.881784618814781
-0.703018238637944
-0.461453332968483
-0.178668175388892
0.120076878179451
0.408095821839159
0.659660781145827
0.852300207508281
0.968806194698141
0.998771609863834
0.939519731713148
0.796343354054318
0.58203199628836
0.315729453731457
0.0212237393943775
-0.275177828373201
-0.546998580280877
-0.76995757811127
-0.924138558616069
-0.995768993996468
-0.97845035079338
-0.873729651824869
-0.690961285245226
-0.446471404910907
-0.162099563679925
0.136752148801389
0.423388199112502
0.672204242553337
0.860974282999978
0.972836054943921
0.997797279449891
0.933628244673562
0.786060979379988
0.568277227885458
0.299730964096286
0.00441062595847523
-0.291303700260227
-0.560996734510309
-0.780577601255785
-0.930431795637253
-0.99717328877408
-0.974840261857274
-0.865427657667945
-0.678708978280102
-0.431363247228357
-0.145485122009792
0.153388755866639
0.438560873011778
0.684557653515224
0.869404937614798
0.976590867943566
0.996540844571867
0.927472795503541
0.775556363859854
0.554361792034266
0.283647732354915
-0.0124037344814724
-0.307347212658094
-0.574836279685174
-0.790976933854804
-0.936461974251213
-0.998295655506764
-0.970954559031144
-0.856880983543859
-0.666264781803443
-0.416133131408401
-0.128829547733675
0.169981995753371
0.453609553808851
0.696717521385767
0.877589787777116
0.980069572109172
0.995002660458114
0.921055124516206
0.764832477434818
0.540289623007414
0.267484305675006
-0.0292145880479176
-0.323303829628903
-0.588513302989136
-0.801152635733831
-0.942227389562215
-0.999135776870883
-0.966794340909006
-0.848092045830155
-0.653632214128445
-0.400785363419598
-0.112137549835948
0.186527177100755
0.468529986831811
0.708680408239208
0.885526519406864
0.983271183916348
0.993183161995173
0.914377046161931
0.753892352039579
0.526064699390363
0.251245253897411
-0.0460171818547157
-0.339169039802461
-0.602023937555283
-0.811101829944793
-0.947726411530359
-0.999693415341246
-0.962360783697826
-0.839063329398845
-0.640814846826058
-0.385324282493874
-0.0954138475990211
0.203019622135418
0.483317953667963
0.720442931841607
0.893212888573895
0.986194798182239
0.991082863604814
0.907440448515309
0.74273908074556
0.51169104295636
0.234935168244334
-0.0628067653509815
-0.354938357651846
-0.615364363559241
-0.820821703579572
-0.952957485432369
-0.999968413258271
-0.957655140884953
-0.829797386913975
-0.627816303715031
-0.369754259899887
-0.078663169268985
0.219454667994064
0.497969273356307
0.732001766607248
0.900646722132308
0.988839588321469
0.988702359098582
0.900247292741424
0.731375816886255
0.497172717529545
0.218558660021193
-0.0795785916642835
-0.3706073247614
-0.62853080929932
-0.830309508565173
-0.957919132301185
-0.999960692872559
-0.952678742883774
-0.820296838109796
-0.614640259837517
-0.354079697707073
-0.0618902507187207
0.235827668041593
0.512479803569817
0.743353644538742
0.907825918334896
0.991204806579849
0.986042321509939
0.892799612541282
0.719805773165834
0.482513827835919
0.202120359312791
-0.0963279189425165
-0.386171511087458
-0.641519552262725
-0.839562562440727
-0.962609949344134
-0.999670256366873
-0.947432996657512
-0.8105643690502
-0.601290440419966
-0.338305027540978
-0.045099834109139
0.252133993185061
0.526845441786408
0.754495356151029
0.914748447427406
0.993289784245756
0.983103502903942
0.88509951357691
0.708032220750767
0.467718518342759
0.185624913674461
-0.113050011694778
-0.401626516210657
-0.654326920178072
-0.848578249115944
-0.967028610339476
-0.999097185855521
-0.941919385321491
-0.800602731369253
-0.587770619819841
-0.322434709330505
-0.0282966665482148
0.268369033182247
0.54106212644891
0.765423751378851
0.921412352222318
0.995093931839231
0.979886734164649
0.877149172875999
0.696058488344911
0.452790972087031
0.169076986817853
-0.129740142130023
-0.416967970580134
-0.66694929205371
-0.857354019610646
-0.971173866011427
-0.998241643361145
-0.936139467723798
-0.790414741493181
-0.574084620458658
-0.306473230046759
-0.0114854987490494
0.284528197945185
0.555125838113453
0.776135740467225
0.927815748652288
0.996616739278613
0.976392924760192
0.868950838216349
0.683887961248543
0.437735409492534
0.152481257292569
-0.146393591493825
-0.432191536748994
-0.67938309920132
-0.865887392775552
-0.975044544383315
-0.997103870768908
-0.930094878004525
-0.780003279844208
-0.560236311741106
-0.290425102434641
0.00532891631337037
0.300606918837987
0.569032600585701
0.78662829484515
0.93395682630275
0.997857776024766
0.972623062485624
0.860506827490464
0.671524080401071
0.422556087176852
0.135842417163328
-0.163005651402578
-0.447292910600445
-0.691624826245052
-0.874175955993647
-0.978639551108945
-0.995684189758103
-0.923787325133819
-0.769371290026043
-0.546229608961237
-0.274294863736896
0.0221418247460535
0.316600649968327
0.582778482045226
0.796898447981724
0.939833848923801
0.998816691202808
0.96857821318369
0.851819528050105
0.658970341408362
0.407257296747808
0.119165170683308
-0.179571625174491
-0.46226782256489
-0.703671012115247
-0.882217365862415
-0.981957869782025
-0.99398300171122
-0.91721859242863
-0.758521777991788
-0.532068472195327
-0.258087074411226
0.0389484730818605
0.332504869472909
0.596359596156948
0.806943296225
0.945445154921117
0.999493213701302
0.964259520443427
0.842891396031436
0.646230293554264
0.391843363590042
0.102454232964318
-0.196086829157691
-0.477112038826853
-0.715518251027146
-0.890009348856277
-0.984998562223488
-0.992000787600443
-0.910390537048604
-0.747457811193923
-0.517756905182416
-0.241806316841119
0.0557441096236652
0.348315080795703
0.609772103170097
0.816759999622809
0.950789157825659
0.999887152248915
0.959668205276899
0.833724955660488
0.63330753879728
0.376318645642277
0.085714328643488
-0.212546594054193
-0.491821362522192
-0.727163193443649
-0.89754970196943
-0.987760768746782
-0.989738107851689
-0.903305089470921
-0.736182517717188
-0.503298954192273
-0.225457194040061
0.0725239857875622
0.364026813959458
0.623012211003653
0.826345782725744
0.95586434674229
0.99999839546849
0.954805565773925
0.824322798539602
0.620205730752127
0.360687532165014
0.0689501905477056
-0.228946266240268
-0.506391634924491
-0.738602547022387
-0.904836293338725
-0.990243708400891
-0.987195602186135
-0.895964252944585
-0.724699085394111
-0.488698706881355
-0.209044328350361
0.0892833574456473
0.379635626829303
0.636076176318561
0.835697935371888
0.960669286776873
0.99982691190854
0.949672976735123
0.814687582914645
0.606928573656723
0.344954442499769
0.0521665583552947
-0.245281209081943
-0.520818736620947
-0.749833077546595
-0.91186706284632
-0.992446679191163
-0.984373989439378
-0.888370102923994
-0.713010760903779
-0.473960291137161
-0.192572360136069
0.106017486267114
0.395137106368762
0.648960305576009
0.844813813453015
0.965202619442022
0.999372750052138
0.944271889283193
0.804822032923507
0.593479821324935
0.3291238248194
0.035368177256176
-0.261546804246026
-0.535098588676967
-0.760851609839467
-0.918640022702231
-0.994369058277759
-0.981274067358182
-0.880524786482199
-0.701120848853757
-0.459087873911222
-0.176045946471211
0.12272164105802
0.410526869887362
0.661660956081868
0.853690839662121
0.969463063041128
0.998636038303207
0.938603830452665
0.794728937825773
0.579863276085322
0.31320015487067
0.0185597966101595
-0.277738453005745
-0.549227153789586
-0.771655028661836
-0.925153258006243
-0.996010302151758
-0.977896712374952
-0.872430521703758
-0.689032710846021
-0.44408566004091
-0.159469759822997
0.139391099098844
0.42580056627995
0.674174537016318
0.862326504222145
0.973449413030759
0.997616984950227
0.932670402758092
0.784411151214328
0.566082787706044
0.297187934708724
0.00174616860425593
-0.293851577541156
-0.563200437428632
-0.78224027959299
-0.931404927289361
-0.997369946788817
-0.974242879359895
-0.864089597057783
-0.676749764526383
-0.428957891060644
-0.142848486730869
0.156021147479947
0.440953877256551
0.686497510449243
0.870718365595542
0.977160542361202
0.996315878107326
0.926473283741087
0.773871590208432
0.552142252306453
0.281091691424322
-0.0150679530911226
-0.309881622233086
-0.577014488966284
-0.79260436989422
-0.937393263034406
-0.998447607780378
-0.970313601351121
-0.855504370750821
-0.664275482618273
-0.413708844002744
-0.12618682648127
0.172607084433708
0.455982518563479
0.698626392340461
0.878864051174537
0.980595401795152
0.994733085632844
0.920014225495965
0.763113234629007
0.538045611255599
0.264915975863681
-0.0318778146658141
-0.325824054951352
-0.590665402793971
-0.802744369354918
-0.943116572175821
-0.999242980442326
-0.96610998926253
-0.846677270060151
-0.651613391940942
-0.398342830187989
-0.109489489779357
0.189144220664061
0.470882241194561
0.710557753524713
0.886761257952039
0.983753020204294
0.992869055025318
0.91329505417439
0.752139126156197
0.523796850057707
0.248665361342163
-0.0486786635141656
-0.341674368336062
-0.604149319426551
-0.812657411121159
-0.948573236578228
-0.999755839901149
-0.961633231569736
-0.83761079064756
-0.638767072412169
-0.382864194007002
-0.092761197416937
0.205627880672235
0.48564883259239
0.722288220681344
0.894407753172597
0.986632504843911
0.990724313296965
0.906317669469105
0.740952367469254
0.509399997225656
0.232344442351046
-0.0654657495786673
-0.357428081071913
-0.617462426593675
-0.82234069250604
-0.953761713493999
-0.999986041157512
-0.956884593974073
-0.828307495853626
-0.625740156036373
-0.367277311691764
-0.0760066789378262
0.222053404078589
0.500278117839539
0.73381447728779
0.901801374963775
0.989233041605277
0.988299466824687
0.899084044076735
0.729556121369545
0.494859123141812
0.215957833258601
-0.0822343266928666
-0.373080739155399
-0.630600960317341
-0.831791475782204
-0.958680535999409
-0.999933519127249
-0.951865419044677
-0.818770015973175
-0.612536325877577
-0.351586590078385
-0.0592306713007335
0.238416146940447
0.514765960838615
0.745133264557413
0.90894003294734
0.991553895245822
0.985595201178603
0.891596223140195
0.7179536098862
0.480178338907274
0.199510167005534
-0.0989796539234652
-0.388627917153755
-0.643561205976262
-0.841007088955847
-0.963328313409367
-0.99959828865977
-0.946577125839004
-0.809001047511505
-0.599159315018149
-0.335796465361227
-0.0424379175397686
0.254711483064738
0.529108265481853
0.756241382360804
0.91582170883025
0.993594409597034
0.982612280928264
0.883856323670382
0.706148113365186
0.465361795179598
0.183006093794904
-0.11569699691037
-0.404065219456361
-0.656339499356042
-0.849984926522123
-0.967703731670657
-0.998980444533857
-0.941021209501561
-0.799003352422041
-0.585612905503404
-0.319911401838456
-0.025633165423796
0.270934805316165
0.543300976809144
0.767135690130515
0.922444456975368
0.995354007749928
0.979351549426459
0.875866533947658
0.694142969541914
0.450413680999098
0.166450279777722
-0.132381629205452
-0.41938828151745
-0.668932227685106
-0.858722450201917
-0.971805553733363
-0.99808016143087
-0.9351992408412
-0.788779757325488
-0.571900927272132
-0.303935890650183
-0.00882116611388588
0.287081526919716
0.557340082154437
0.777813107749127
0.928806404951413
0.996832192218185
0.975813928570785
0.867629112903193
0.681941572597398
0.435338222604788
0.149847405733478
-0.149028833608786
-0.43459277109003
-0.681335830656302
-0.867217189659305
-0.975632619900683
-0.996897693885359
-0.929112865887035
-0.778333152710531
-0.558027257074045
-0.287874448508486
0.00799332717991301
0.303147082757413
0.571221612280414
0.788270616419861
0.934905754062436
0.998028545078802
0.972000418543009
0.859146389480191
0.669547372198878
0.420139682239307
0.133202165746814
-0.165633903502276
-0.449674389450936
-0.693546801433236
-0.875466743200103
-0.979183848156788
-0.995433376213108
-0.922763805422975
-0.767666492116824
-0.543995817373532
-0.271731616420462
0.0248055605423777
0.319126930659212
0.584941642500424
0.798505259520226
0.940740779856337
0.998942728090241
0.967912097526247
0.850420761975604
0.65696387252434
0.404822356943921
0.116519265880432
-0.182192144180565
-0.464628872615885
-0.705561687641928
-0.883468778450863
-0.982458234472727
-0.99368762241659
-0.916153854501338
-0.756782791299803
-0.529810575240717
-0.255511958404417
0.0416107806973998
0.335016552686876
0.598496293788285
0.808514143437895
0.946309832612402
0.999574482788075
0.963550121400199
0.841454697361953
0.64419463127183
0.389390577343684
0.0998034228443401
-0.198698874178025
-0.479451992545228
-0.717377092346841
-0.891221033018275
-0.985454853090341
-0.991660926067952
-0.90928488193526
-0.745685127378088
-0.515475541229909
-0.239220060199276
0.0584042363515253
0.350811456411532
0.61188173387494
0.818294438388778
0.951611337807789
0.999923630558044
0.958915723414307
0.832250730589878
0.631243258653642
0.37384870642284
0.0830593626626467
-0.215149426592554
-0.494139558339281
-0.728989675011257
-0.898721315128904
-0.988172856783927
-0.989353860169443
-0.902158829770349
-0.734376637963531
-0.500994768245513
-0.222860527968396
0.0751811795375017
0.366507176183753
0.625094178331905
0.82784337921721
0.956643796562584
0.999990072686563
0.95401021383909
0.822811463871473
0.618113416375434
0.358201138291605
0.0662918193371589
-0.231539150404985
-0.508687417423156
-0.740396152441886
-0.905967504248716
-0.99061147709982
-0.986767076991422
-0.894777712735643
-0.72286052027398
-0.486372350396459
-0.206437986997061
0.091936866956601
0.382099274396062
0.638129891641404
0.837158266177538
0.961405786063648
0.999773790388634
0.948834979595717
0.813139565944435
0.604808816601229
0.342452296943622
0.049505533509008
-0.247863411793996
-0.523091456721004
-0.751593299716886
-0.91295755168271
-0.992770024573646
-0.98390130788795
-0.887143617673887
-0.711140030229565
-0.471612421838487
-0.189957080384841
