-15.196897
-22.196897
-22.196897
-22.196897
-22.196897
-22.196897
-22.196897
-22.196897
-22.196897
-22.196897
-23.196897
-24.196897
-25.196897
-25.196897
-22.196897
-22.196897
-13.196897
-0.196897000000035
13.803103
32.803103
39.803103
45.803103
55.803103
57.803103
59.803103
58.803103
56.803103
50.803103
37.803103
28.803103
13.803103
-0.196897000000035
-2.19689700000004
-5.19689700000004
-6.19689700000004
-6.19689700000004
-6.19689700000004
-6.19689700000004
-6.19689700000004
-5.19689700000004
-11.196897
-21.196897
-23.196897
-25.196897
-26.196897
-26.196897
-26.196897
-26.196897
-25.196897
-25.196897
-25.196897
-25.196897
-26.196897
-25.196897
-25.196897
-24.196897
-21.196897
-12.196897
-0.196897000000035
8.80310299999996
23.803103
34.803103
38.803103
39.803103
41.803103
43.803103
44.803103
42.803103
41.803103
40.803103
34.803103
28.803103
13.803103
-1.19689700000004
-1.19689700000004
-2.19689700000004
-5.19689700000004
-5.19689700000004
-6.19689700000004
-5.19689700000004
-6.19689700000004
-5.19689700000004
-10.196897
-21.196897
-23.196897
-24.196897
-26.196897
-25.196897
-26.196897
-25.196897
-24.196897
-24.196897
-22.196897
-21.196897
-21.196897
-12.196897
-0.196897000000035
16.803103
35.803103
49.803103
59.803103
60.803103
60.803103
55.803103
39.803103
26.803103
17.803103
13.803103
12.803103
10.803103
9.80310299999996
9.80310299999996
6.80310299999996
-6.19689700000004
-17.196897
-21.196897
-22.196897
-22.196897
-22.196897
-22.196897
-22.196897
-22.196897
-22.196897
-22.196897
-22.196897
-22.196897
-25.196897
-26.196897
-26.196897
-26.196897
-26.196897
-26.196897
-26.196897
-25.196897
-23.196897
-20.196897
-13.196897
-6.19689700000004
3.80310299999996
16.803103
31.803103
49.803103
72.803103
91.803103
106.803103
114.803103
115.803103
115.803103
101.803103
79.803103
60.803103
44.803103
33.803103
29.803103
27.803103
24.803103
20.803103
14.803103
1.80310299999996
-6.19689700000004
-9.19689700000004
-11.196897
-13.196897
-13.196897
-13.196897
-13.196897
-12.196897
-13.196897
-13.196897
-15.196897
-21.196897
-22.196897
-22.196897
-23.196897
-23.196897
-23.196897
-24.196897
-24.196897
-24.196897
-24.196897
-22.196897
-22.196897
-22.196897
-21.196897
-14.196897
-3.19689700000004
12.803103
30.803103
41.803103
52.803103
54.803103
54.803103
53.803103
37.803103
24.803103
16.803103
11.803103
9.80310299999996
6.80310299999996
4.80310299999996
1.80310299999996
1.80310299999996
1.80310299999996
0.803102999999965
-7.19689700000004
-17.196897
-21.196897
-22.196897
-22.196897
-22.196897
-22.196897
-22.196897
-22.196897
-22.196897
-22.196897
-22.196897
-21.196897
-23.196897
-24.196897
-23.196897
-23.196897
-23.196897
-24.196897
-23.196897
-24.196897
-23.196897
-23.196897
-23.196897
-23.196897
-22.196897
-22.196897
-17.196897
-2.19689700000004
15.803103
33.803103
47.803103
59.803103
73.803103
81.803103
83.803103
82.803103
78.803103
65.803103
51.803103
45.803103
36.803103
30.803103
28.803103
23.803103
7.80310299999996
-3.19689700000004
-5.19689700000004
-6.19689700000004
-6.19689700000004
-7.19689700000004
-9.19689700000004
-7.19689700000004
-7.19689700000004
-8.19689700000004
-11.196897
-20.196897
-22.196897
-23.196897
-23.196897
-23.196897
-25.196897
-25.196897
-24.196897
-24.196897
-23.196897
-24.196897
-24.196897
-23.196897
-22.196897
-13.196897
0.803102999999965
15.803103
31.803103
45.803103
56.803103
60.803103
59.803103
55.803103
42.803103
28.803103
24.803103
20.803103
16.803103
14.803103
10.803103
11.803103
1.80310299999996
-13.196897
-17.196897
-18.196897
-18.196897
-19.196897
-19.196897
-19.196897
-18.196897
-18.196897
-19.196897
-19.196897
-21.196897
-23.196897
-26.196897
-26.196897
-26.196897
-26.196897
-26.196897
-26.196897
-26.196897
-26.196897
-23.196897
-22.196897
-20.196897
-18.196897
-10.196897
-0.196897000000035
12.803103
29.803103
44.803103
56.803103
66.803103
71.803103
72.803103
71.803103
65.803103
54.803103
40.803103
31.803103
29.803103
26.803103
24.803103
19.803103
17.803103
9.80310299999996
-3.19689700000004
-10.196897
-14.196897
-17.196897
-18.196897
-18.196897
-18.196897
-18.196897
-18.196897
-18.196897
-18.196897
-23.196897
-26.196897
-26.196897
-26.196897
-26.196897
-26.196897
-24.196897
-20.196897
-10.196897
5.80310299999996
14.803103
18.803103
29.803103
41.803103
50.803103
55.803103
56.803103
55.803103
53.803103
49.803103
33.803103
14.803103
3.80310299999996
-0.196897000000035
-2.19689700000004
-2.19689700000004
-2.19689700000004
-2.19689700000004
-2.19689700000004
-2.19689700000004
-2.19689700000004
-10.196897
-21.196897
-22.196897
-22.196897
-23.196897
-23.196897
-23.196897
-23.196897
-23.196897
-23.196897
-24.196897
-25.196897
-26.196897
-26.196897
-26.196897
-26.196897
-25.196897
-26.196897
-26.196897
-26.196897
-26.196897
-26.196897
-26.196897
-26.196897
-26.196897
-24.196897
-20.196897
-8.19689700000004
3.80310299999996
17.803103
31.803103
36.803103
37.803103
37.803103
35.803103
28.803103
18.803103
12.803103
8.80310299999996
5.80310299999996
2.80310299999996
1.80310299999996
1.80310299999996
1.80310299999996
0.803102999999965
-3.19689700000004
-12.196897
-18.196897
-18.196897
-18.196897
-18.196897
-18.196897
-18.196897
-18.196897
-18.196897
-18.196897
-18.196897
-21.196897
-24.196897
-25.196897
-26.196897
-26.196897
-26.196897
-25.196897
-23.196897
-22.196897
-16.196897
-13.196897
-7.19689700000004
1.80310299999996
7.80310299999996
12.803103
13.803103
13.803103
13.803103
12.803103
13.803103
11.803103
1.80310299999996
-5.19689700000004
-5.19689700000004
-7.19689700000004
-9.19689700000004
-8.19689700000004
-9.19689700000004
-9.19689700000004
-9.19689700000004
-9.19689700000004
-12.196897
-20.196897
-23.196897
-23.196897
-24.196897
-25.196897
-25.196897
-25.196897
-25.196897
-24.196897
-25.196897
-25.196897
-26.196897
-26.196897
-26.196897
-27.196897
-26.196897
-26.196897
-26.196897
-25.196897
-18.196897
-13.196897
-13.196897
-5.19689700000004
1.80310299999996
10.803103
27.803103
43.803103
57.803103
65.803103
68.803103
69.803103
63.803103
48.803103
34.803103
27.803103
24.803103
20.803103
17.803103
13.803103
3.80310299999996
-9.19689700000004
-13.196897
-14.196897
-16.196897
-17.196897
-17.196897
-17.196897
-18.196897
-17.196897
-19.196897
-23.196897
-26.196897
-26.196897
-26.196897
-26.196897
-26.196897
-26.196897
-25.196897
-26.196897
-22.196897
-16.196897
-12.196897
-1.19689700000004
10.803103
25.803103
45.803103
62.803103
69.803103
71.803103
71.803103
64.803103
42.803103
24.803103
18.803103
13.803103
10.803103
9.80310299999996
8.80310299999996
3.80310299999996
1.80310299999996
0.803102999999965
-0.196897000000035
-5.19689700000004
-18.196897
-22.196897
-21.196897
-22.196897
-22.196897
-22.196897
-23.196897
-23.196897
-22.196897
-23.196897
-23.196897
-22.196897
-23.196897
-22.196897
-22.196897
-17.196897
-3.19689700000004
12.803103
30.803103
49.803103
63.803103
68.803103
68.803103
64.803103
51.803103
36.803103
28.803103
23.803103
18.803103
14.803103
13.803103
12.803103
10.803103
8.80310299999996
-1.19689700000004
-11.196897
-14.196897
-17.196897
-18.196897
-18.196897
-18.196897
-18.196897
-18.196897
-17.196897
-18.196897
-18.196897
-23.196897
-26.196897
-25.196897
-26.196897
-26.196897
-26.196897
-24.196897
-15.196897
-2.19689700000004
16.803103
34.803103
39.803103
51.803103
64.803103
67.803103
68.803103
66.803103
62.803103
55.803103
46.803103
37.803103
24.803103
6.80310299999996
-1.19689700000004
-2.19689700000004
-5.19689700000004
-6.19689700000004
-6.19689700000004
-6.19689700000004
-6.19689700000004
-6.19689700000004
-8.19689700000004
-16.196897
-23.196897
-25.196897
-26.196897
-26.196897
-26.196897
-26.196897
-26.196897
-26.196897
-26.196897
-26.196897
-25.196897
-26.196897
-26.196897
-26.196897
-26.196897
-26.196897
-26.196897
-26.196897
-26.196897
-25.196897
-25.196897
-23.196897
-21.196897
-15.196897
-4.19689700000004
5.80310299999996
21.803103
32.803103
42.803103
54.803103
59.803103
59.803103
60.803103
60.803103
57.803103
54.803103
49.803103
37.803103
30.803103
22.803103
3.80310299999996
-2.19689700000004
-3.19689700000004
-6.19689700000004
-5.19689700000004
-6.19689700000004
-6.19689700000004
-6.19689700000004
-6.19689700000004
-7.19689700000004
-17.196897
-22.196897
-22.196897
-22.196897
-22.196897
-23.196897
-22.196897
-24.196897
-22.196897
-23.196897
-26.196897
-26.196897
-26.196897
-27.196897
-26.196897
-26.196897
-26.196897
-24.196897
-14.196897
-0.196897000000035
14.803103
23.803103
28.803103
40.803103
44.803103
44.803103
44.803103
44.803103
43.803103
33.803103
27.803103
11.803103
-2.19689700000004
-4.19689700000004
-6.19689700000004
-6.19689700000004
-8.19689700000004
-8.19689700000004
-7.19689700000004
-7.19689700000004
-8.19689700000004
-8.19689700000004
-16.196897
-24.196897
-25.196897
-26.196897
-25.196897
-25.196897
-26.196897
-25.196897
-25.196897
-25.196897
-26.196897
-25.196897
-25.196897
-26.196897
-26.196897
-26.196897
-26.196897
-26.196897
-26.196897
-26.196897
-26.196897
-26.196897
-26.196897
-26.196897
-25.196897
-26.196897
-25.196897
-21.196897
-9.19689700000004
4.80310299999996
19.803103
35.803103
47.803103
58.803103
60.803103
60.803103
58.803103
46.803103
32.803103
27.803103
24.803103
18.803103
14.803103
11.803103
5.80310299999996
-9.19689700000004
-16.196897
-19.196897
-21.196897
-22.196897
-22.196897
-22.196897
-22.196897
-22.196897
-22.196897
-22.196897
-22.196897
-24.196897
-26.196897
-26.196897
-26.196897
-26.196897
-26.196897
-26.196897
-26.196897
-25.196897
-26.196897
-25.196897
-26.196897
-25.196897
-26.196897
-25.196897
-22.196897
-17.196897
-5.19689700000004
3.80310299999996
16.803103
26.803103
28.803103
33.803103
36.803103
36.803103
37.803103
35.803103
33.803103
30.803103
27.803103
17.803103
0.803102999999965
-5.19689700000004
-6.19689700000004
-7.19689700000004
-10.196897
-10.196897
-10.196897
-9.19689700000004
-10.196897
-9.19689700000004
-12.196897
-20.196897
-23.196897
-25.196897
-26.196897
-25.196897
-25.196897
-25.196897
-25.196897
-25.196897
-26.196897
-26.196897
-26.196897
-26.196897
-26.196897
-26.196897
-26.196897
-26.196897
-25.196897
-26.196897
-26.196897
-26.196897
-25.196897
-23.196897
-19.196897
-8.19689700000004
5.80310299999996
23.803103
37.803103
49.803103
57.803103
56.803103
57.803103
51.803103
36.803103
26.803103
21.803103
17.803103
14.803103
13.803103
13.803103
12.803103
8.80310299999996
-5.19689700000004
-13.196897
-14.196897
-15.196897
-16.196897
-15.196897
-16.196897
-17.196897
-16.196897
-17.196897
-18.196897
-22.196897
-22.196897
-22.196897
-22.196897
-24.196897
-25.196897
-24.196897
-24.196897
-24.196897
-24.196897
-23.196897
-22.196897
-22.196897
-18.196897
-4.19689700000004
8.80310299999996
24.803103
36.803103
49.803103
58.803103
60.803103
59.803103
55.803103
45.803103
31.803103
27.803103
22.803103
16.803103
12.803103
0.803102999999965
-12.196897
-17.196897
-18.196897
-20.196897
-21.196897
-20.196897
-20.196897
-19.196897
-20.196897
-21.196897
-22.196897
-25.196897
-26.196897
-26.196897
-26.196897
-26.196897
-26.196897
-26.196897
-26.196897
-26.196897
-26.196897
-26.196897
-26.196897
-27.196897
-28.196897
-28.196897
-28.196897
-28.196897
-27.196897
-26.196897
-21.196897
-18.196897
-13.196897
-0.196897000000035
12.803103
30.803103
47.803103
59.803103
60.803103
61.803103
57.803103
36.803103
21.803103
14.803103
8.80310299999996
2.80310299999996
1.80310299999996
2.80310299999996
-0.196897000000035
-1.19689700000004
-10.196897
-21.196897
-22.196897
-23.196897
-22.196897
-23.196897
-24.196897
-25.196897
-25.196897
-26.196897
-26.196897
-26.196897
-26.196897
-26.196897
-26.196897
-26.196897
-26.196897
-26.196897
-26.196897
-26.196897
-26.196897
-26.196897
-25.196897
-24.196897
-16.196897
-3.19689700000004
8.80310299999996
25.803103
34.803103
40.803103
42.803103
40.803103
34.803103
24.803103
14.803103
10.803103
7.80310299999996
3.80310299999996
0.803102999999965
-0.196897000000035
-10.196897
-21.196897
-23.196897
-24.196897
-25.196897
-25.196897
-26.196897
-25.196897
-25.196897
-26.196897
-26.196897
-26.196897
-28.196897
-29.196897
-29.196897
-29.196897
-29.196897
-29.196897
-29.196897
-30.196897
-29.196897
-29.196897
-27.196897
-24.196897
-19.196897
-8.19689700000004
2.80310299999996
12.803103
23.803103
33.803103
37.803103
36.803103
37.803103
32.803103
27.803103
20.803103
14.803103
12.803103
10.803103
7.80310299999996
-2.19689700000004
-13.196897
-18.196897
-20.196897
-22.196897
-22.196897
-22.196897
-22.196897
-22.196897
-22.196897
-21.196897
-23.196897
-26.196897
-26.196897
-26.196897
-26.196897
-26.196897
-26.196897
-25.196897
-26.196897
-26.196897
-26.196897
-28.196897
-28.196897
-29.196897
-29.196897
-28.196897
-27.196897
-25.196897
-18.196897
-5.19689700000004
-1.19689700000004
3.80310299999996
15.803103
28.803103
41.803103
52.803103
57.803103
56.803103
57.803103
43.803103
21.803103
13.803103
6.80310299999996
1.80310299999996
1.80310299999996
1.80310299999996
1.80310299999996
1.80310299999996
0.803102999999965
-3.19689700000004
-12.196897
-14.196897
-15.196897
-16.196897
-16.196897
-16.196897
-16.196897
-17.196897
-17.196897
-20.196897
-24.196897
-25.196897
-26.196897
-26.196897
-26.196897
-26.196897
-26.196897
-26.196897
-26.196897
-26.196897
-25.196897
-23.196897
-16.196897
-2.19689700000004
18.803103
34.803103
37.803103
38.803103
37.803103
30.803103
20.803103
13.803103
9.80310299999996
6.80310299999996
3.80310299999996
1.80310299999996
0.803102999999965
-1.19689700000004
-11.196897
-22.196897
-23.196897
-25.196897
-25.196897
-26.196897
-26.196897
-25.196897
-26.196897
-26.196897
-26.196897
-26.196897
-29.196897
-30.196897
-29.196897
-30.196897
-29.196897
-29.196897
-29.196897
-29.196897
-27.196897
-24.196897
-16.196897
-5.19689700000004
6.80310299999996
24.803103
37.803103
44.803103
49.803103
49.803103
47.803103
36.803103
25.803103
16.803103
12.803103
11.803103
9.80310299999996
6.80310299999996
-3.19689700000004
-15.196897
-22.196897
-22.196897
-22.196897
-22.196897
-22.196897
-22.196897
-22.196897
-22.196897
-24.196897
-27.196897
-29.196897
-30.196897
-29.196897
-30.196897
-30.196897
-29.196897
-27.196897
-19.196897
-12.196897
-8.19689700000004
0.803102999999965
9.80310299999996
22.803103
37.803103
46.803103
51.803103
52.803103
52.803103
38.803103
17.803103
7.80310299999996
0.803102999999965
-1.19689700000004
-2.19689700000004
-2.19689700000004
-2.19689700000004
-2.19689700000004
-2.19689700000004
-3.19689700000004
-12.196897
-21.196897
-22.196897
-22.196897
-22.196897
-22.196897
-22.196897
-22.196897
-22.196897
-22.196897
-26.196897
-30.196897
-29.196897
-29.196897
-29.196897
-30.196897
-29.196897
-30.196897
-27.196897
-19.196897
-15.196897
-7.19689700000004
6.80310299999996
22.803103
42.803103
58.803103
70.803103
72.803103
73.803103
63.803103
37.803103
24.803103
15.803103
10.803103
6.80310299999996
1.80310299999996
2.80310299999996
-0.196897000000035
-0.196897000000035
-4.19689700000004
-15.196897
-21.196897
-22.196897
-22.196897
-22.196897
-22.196897
-22.196897
-22.196897
-22.196897
-22.196897
-25.196897
-26.196897
-26.196897
-26.196897
-26.196897
-26.196897
-26.196897
-26.196897
-26.196897
-26.196897
-27.196897
-28.196897
-27.196897
-28.196897
-28.196897
-27.196897
-25.196897
-16.196897
-4.19689700000004
11.803103
26.803103
30.803103
41.803103
52.803103
53.803103
56.803103
54.803103
53.803103
48.803103
37.803103
19.803103
2.80310299999996
-1.19689700000004
-2.19689700000004
-2.19689700000004
-2.19689700000004
-2.19689700000004
-2.19689700000004
-2.19689700000004
-2.19689700000004
-13.196897
-22.196897
-24.196897
-26.196897
-25.196897
-26.196897
-26.196897
-26.196897
-26.196897
-26.196897
-25.196897
-27.196897
-30.196897
-30.196897
-30.196897
-29.196897
-30.196897
-29.196897
-28.196897
-26.196897
-24.196897
-21.196897
-8.19689700000004
2.80310299999996
18.803103
38.803103
50.803103
55.803103
56.803103
55.803103
40.803103
23.803103
15.803103
9.80310299999996
4.80310299999996
0.803102999999965
0.803102999999965
-1.19689700000004
-1.19689700000004
-6.19689700000004
-19.196897
-23.196897
-25.196897
-26.196897
-25.196897
-26.196897
-25.196897
-26.196897
-26.196897
-26.196897
-26.196897
-27.196897
-27.196897
-28.196897
-29.196897
-29.196897
-29.196897
-29.196897
-29.196897
-29.196897
-28.196897
-29.196897
-28.196897
-27.196897
-26.196897
-19.196897
-5.19689700000004
2.80310299999996
14.803103
31.803103
36.803103
38.803103
41.803103
40.803103
41.803103
40.803103
38.803103
31.803103
27.803103
15.803103
-1.19689700000004
-6.19689700000004
-9.19689700000004
-12.196897
-14.196897
-14.196897
-13.196897
-14.196897
-13.196897
-17.196897
-24.196897
-26.196897
-27.196897
-27.196897
-27.196897
-27.196897
-27.196897
-26.196897
-27.196897
-29.196897
-29.196897
-29.196897
-29.196897
-30.196897
-30.196897
-29.196897
-29.196897
-29.196897
-29.196897
-29.196897
-30.196897
-29.196897
-25.196897
-16.196897
-1.19689700000004
17.803103
36.803103
48.803103
63.803103
68.803103
68.803103
68.803103
57.803103
42.803103
31.803103
27.803103
22.803103
18.803103
8.80310299999996
-7.19689700000004
-13.196897
-17.196897
-18.196897
-18.196897
-18.196897
-18.196897
-18.196897
-19.196897
-22.196897
-26.196897
-29.196897
-29.196897
-29.196897
-29.196897
-29.196897
-29.196897
-29.196897
-29.196897
-30.196897
-30.196897
-30.196897
-30.196897
-31.196897
-31.196897
-29.196897
-28.196897
-18.196897
-3.19689700000004
1.80310299999996
5.80310299999996
21.803103
35.803103
50.803103
63.803103
69.803103
67.803103
69.803103
58.803103
34.803103
22.803103
15.803103
10.803103
9.80310299999996
6.80310299999996
3.80310299999996
0.803102999999965
-1.19689700000004
-12.196897
-21.196897
-22.196897
-22.196897
-22.196897
-22.196897
-22.196897
-22.196897
-22.196897
-24.196897
-27.196897
-28.196897
-28.196897
-28.196897
-27.196897
-25.196897
-15.196897
-1.19689700000004
14.803103
33.803103
36.803103
43.803103
54.803103
56.803103
57.803103
56.803103
54.803103
47.803103
36.803103
20.803103
4.80310299999996
-1.19689700000004
-2.19689700000004
-2.19689700000004
-2.19689700000004
-2.19689700000004
-2.19689700000004
-3.19689700000004
-3.19689700000004
-7.19689700000004
-17.196897
-22.196897
-22.196897
-23.196897
-22.196897
-24.196897
-23.196897
-22.196897
-22.196897
-24.196897
-25.196897
-25.196897
-28.196897
-30.196897
-30.196897
-30.196897
-29.196897
-30.196897
-28.196897
-27.196897
-21.196897
-18.196897
-14.196897
-3.19689700000004
6.80310299999996
23.803103
39.803103
53.803103
62.803103
62.803103
62.803103
59.803103
48.803103
34.803103
28.803103
24.803103
18.803103
14.803103
11.803103
6.80310299999996
-0.196897000000035
-13.196897
-21.196897
-22.196897
-22.196897
-22.196897
-23.196897
-22.196897
-22.196897
-22.196897
-23.196897
-26.196897
-26.196897
-26.196897
-26.196897
-27.196897
-27.196897
-27.196897
-27.196897
-26.196897
-26.196897
-26.196897
-26.196897
-26.196897
-26.196897
-25.196897
-17.196897
-4.19689700000004
5.80310299999996
16.803103
29.803103
33.803103
33.803103
36.803103
36.803103
36.803103
35.803103
33.803103
31.803103
28.803103
12.803103
-1.19689700000004
-4.19689700000004
-8.19689700000004
-10.196897
-10.196897
-11.196897
-12.196897
-11.196897
-13.196897
-20.196897
-25.196897
-26.196897
-26.196897
-26.196897
-26.196897
-26.196897
-26.196897
-26.196897
-26.196897
-26.196897
-27.196897
-29.196897
-29.196897
-29.196897
-29.196897
-27.196897
-23.196897
-13.196897
-0.196897000000035
11.803103
16.803103
27.803103
38.803103
48.803103
62.803103
74.803103
80.803103
79.803103
81.803103
67.803103
38.803103
26.803103
20.803103
14.803103
13.803103
12.803103
9.80310299999996
8.80310299999996
3.80310299999996
-0.196897000000035
-13.196897
-22.196897
-22.196897
-25.196897
-26.196897
-24.196897
-25.196897
-25.196897
-25.196897
-24.196897
-25.196897
-25.196897
-26.196897
-29.196897
-30.196897
-29.196897
-30.196897
-30.196897
-30.196897
-30.196897
-28.196897
-21.196897
-8.19689700000004
-1.19689700000004
0.803102999999965
9.80310299999996
16.803103
23.803103
29.803103
28.803103
28.803103
28.803103
28.803103
24.803103
8.80310299999996
-2.19689700000004
-4.19689700000004
-6.19689700000004
-5.19689700000004
-6.19689700000004
-6.19689700000004
-6.19689700000004
-6.19689700000004
-9.19689700000004
-10.196897
-15.196897
-25.196897
-25.196897
-27.196897
-28.196897
-27.196897
-28.196897
-29.196897
-28.196897
-27.196897
-27.196897
-25.196897
-26.196897
-23.196897
-13.196897
-3.19689700000004
11.803103
29.803103
37.803103
40.803103
40.803103
41.803103
33.803103
16.803103
5.80310299999996
0.803102999999965
-1.19689700000004
-2.19689700000004
-2.19689700000004
-2.19689700000004
-1.19689700000004
-2.19689700000004
-1.19689700000004
-4.19689700000004
-17.196897
-22.196897
-24.196897
-26.196897
-25.196897
-26.196897
-26.196897
-26.196897
-26.196897
-26.196897
-26.196897
-26.196897
-26.196897
-26.196897
-26.196897
-26.196897
-25.196897
-22.196897
-11.196897
-0.196897000000035
12.803103
28.803103
32.803103
32.803103
32.803103
32.803103
30.803103
28.803103
23.803103
15.803103
11.803103
7.80310299999996
-2.19689700000004
-13.196897
-19.196897
-21.196897
-22.196897
-22.196897
-22.196897
-22.196897
-22.196897
-22.196897
-22.196897
-25.196897
-26.196897
-26.196897
-27.196897
-27.196897
-27.196897
-27.196897
-27.196897
-27.196897
-28.196897
-28.196897
-30.196897
-31.196897
-31.196897
-32.196897
-33.196897
-31.196897
-30.196897
-30.196897
-28.196897
-23.196897
-21.196897
-22.196897
-19.196897
-13.196897
-3.19689700000004
6.80310299999996
18.803103
29.803103
35.803103
37.803103
36.803103
35.803103
31.803103
23.803103
15.803103
11.803103
9.80310299999996
4.80310299999996
1.80310299999996
-8.19689700000004
-20.196897
-22.196897
-24.196897
-25.196897
-26.196897
-25.196897
-24.196897
-25.196897
-25.196897
-26.196897
-27.196897
-29.196897
-30.196897
-29.196897
-29.196897
-29.196897
-29.196897
-29.196897
-29.196897
-29.196897
-29.196897
-29.196897
-28.196897
-25.196897
-14.196897
0.803102999999965
14.803103
29.803103
41.803103
53.803103
57.803103
56.803103
56.803103
48.803103
35.803103
30.803103
29.803103
28.803103
26.803103
18.803103
2.80310299999996
-12.196897
-19.196897
-23.196897
-26.196897
-26.196897
-26.196897
-26.196897
-26.196897
-26.196897
-26.196897
-26.196897
-24.196897
-18.196897
-13.196897
-9.19689700000004
-6.19689700000004
-6.19689700000004
-6.19689700000004
-6.19689700000004
-6.19689700000004
-7.19689700000004
-9.19689700000004
-10.196897
-10.196897
-10.196897
-12.196897
-13.196897
-14.196897
-13.196897
-14.196897
-13.196897
-15.196897
-23.196897
-26.196897
-27.196897
-29.196897
-29.196897
-29.196897
-28.196897
-27.196897
-27.196897
-29.196897
-29.196897
-30.196897
-30.196897
-30.196897
-30.196897
-30.196897
-30.196897
-29.196897
-28.196897
-22.196897
-12.196897
-6.19689700000004
-4.19689700000004
0.803102999999965
2.80310299999996
3.80310299999996
4.80310299999996
3.80310299999996
4.80310299999996
4.80310299999996
2.80310299999996
-0.196897000000035
-2.19689700000004
-4.19689700000004
-7.19689700000004
-12.196897
-14.196897
-13.196897
-14.196897
-14.196897
-14.196897
-20.196897
-25.196897
-28.196897
-29.196897
-28.196897
-29.196897
-29.196897
-29.196897
-29.196897
-29.196897
-30.196897
-29.196897
-31.196897
-33.196897
-33.196897
-32.196897
-32.196897
-32.196897
-30.196897
-26.196897
-14.196897
0.803102999999965
3.80310299999996
12.803103
28.803103
39.803103
48.803103
52.803103
52.803103
52.803103
50.803103
41.803103
19.803103
4.80310299999996
0.803102999999965
-2.19689700000004
-2.19689700000004
-2.19689700000004
-3.19689700000004
-6.19689700000004
-6.19689700000004
-6.19689700000004
-17.196897
-26.196897
-26.196897
-29.196897
-29.196897
-29.196897
-29.196897
-28.196897
-28.196897
-28.196897
-29.196897
-29.196897
-31.196897
-33.196897
-33.196897
-33.196897
-33.196897
-32.196897
-30.196897
-25.196897
-11.196897
-5.19689700000004
-1.19689700000004
7.80310299999996
17.803103
30.803103
38.803103
41.803103
40.803103
40.803103
31.803103
9.80310299999996
-2.19689700000004
-6.19689700000004
-12.196897
-14.196897
-14.196897
-15.196897
-15.196897
-16.196897
-21.196897
-28.196897
-29.196897
-29.196897
-30.196897
-30.196897
-29.196897
-29.196897
-29.196897
-30.196897
-30.196897
-30.196897
-30.196897
-30.196897
-30.196897
-29.196897
-30.196897
-30.196897
-30.196897
-30.196897
-29.196897
-30.196897
-29.196897
-30.196897
-27.196897
-12.196897
4.80310299999996
24.803103
42.803103
55.803103
60.803103
60.803103
60.803103
60.803103
57.803103
48.803103
34.803103
27.803103
19.803103
1.80310299999996
-8.19689700000004
-12.196897
-16.196897
-17.196897
-18.196897
-17.196897
-17.196897
-17.196897
-19.196897
-26.196897
-30.196897
-29.196897
-30.196897
-30.196897
-30.196897
-30.196897
-30.196897
-30.196897
-30.196897
-29.196897
-29.196897
-32.196897
-34.196897
-33.196897
-34.196897
-33.196897
-34.196897
-33.196897
-33.196897
-34.196897
-31.196897
-27.196897
-15.196897
0.803102999999965
17.803103
36.803103
50.803103
67.803103
75.803103
76.803103
73.803103
57.803103
38.803103
28.803103
24.803103
18.803103
14.803103
8.80310299999996
-7.19689700000004
-16.196897
-18.196897
-21.196897
-22.196897
-22.196897
-22.196897
-22.196897
-22.196897
-22.196897
-25.196897
-29.196897
-29.196897
-29.196897
-32.196897
-33.196897
-33.196897
-32.196897
-32.196897
-33.196897
-32.196897
-31.196897
-30.196897
-29.196897
-22.196897
-11.196897
-2.19689700000004
2.80310299999996
5.80310299999996
5.80310299999996
5.80310299999996
5.80310299999996
2.80310299999996
1.80310299999996
-1.19689700000004
-2.19689700000004
-2.19689700000004
-2.19689700000004
-2.19689700000004
-2.19689700000004
-9.19689700000004
-22.196897
-26.196897
-27.196897
-29.196897
-29.196897
-29.196897
-29.196897
-28.196897
-29.196897
-29.196897
-29.196897
-30.196897
-30.196897
-30.196897
-29.196897
-30.196897
-30.196897
-30.196897
-29.196897
-29.196897
-30.196897
-30.196897
-30.196897
-29.196897
-27.196897
-13.196897
0.803102999999965
10.803103
27.803103
38.803103
40.803103
41.803103
39.803103
36.803103
31.803103
27.803103
22.803103
17.803103
12.803103
-0.196897000000035
-11.196897
-15.196897
-18.196897
-18.196897
-18.196897
-18.196897
-18.196897
-18.196897
-18.196897
-24.196897
-29.196897
-30.196897
-30.196897
-29.196897
-29.196897
-30.196897
-30.196897
-29.196897
-30.196897
-29.196897
-32.196897
-34.196897
-33.196897
-33.196897
-33.196897
-34.196897
-34.196897
-33.196897
-30.196897
-29.196897
-26.196897
-14.196897
-3.19689700000004
8.80310299999996
26.803103
38.803103
40.803103
40.803103
40.803103
27.803103
14.803103
7.80310299999996
1.80310299999996
-0.196897000000035
-2.19689700000004
-1.19689700000004
-2.19689700000004
-1.19689700000004
-8.19689700000004
-22.196897
-26.196897
-28.196897
-30.196897
-29.196897
-29.196897
-29.196897
-29.196897
-29.196897
-29.196897
-29.196897
-30.196897
-30.196897
-30.196897
-29.196897
-29.196897
-30.196897
-29.196897
-30.196897
-29.196897
-30.196897
-33.196897
-34.196897
-33.196897
-33.196897
-34.196897
-33.196897
-29.196897
-19.196897
-5.19689700000004
5.80310299999996
10.803103
16.803103
27.803103
32.803103
32.803103
33.803103
32.803103
28.803103
24.803103
12.803103
-2.19689700000004
-10.196897
-15.196897
-17.196897
-18.196897
-18.196897
-18.196897
-18.196897
-18.196897
-18.196897
-23.196897
-28.196897
-30.196897
-29.196897
-29.196897
-30.196897
-29.196897
-29.196897
-30.196897
-30.196897
-29.196897
-29.196897
-30.196897
-29.196897
-30.196897
-29.196897
-30.196897
-24.196897
-12.196897
2.80310299999996
12.803103
13.803103
19.803103
28.803103
32.803103
37.803103
39.803103
40.803103
39.803103
37.803103
24.803103
6.80310299999996
-1.19689700000004
-2.19689700000004
-5.19689700000004
-6.19689700000004
-7.19689700000004
-10.196897
-9.19689700000004
-13.196897
-23.196897
-28.196897
-29.196897
-30.196897
-29.196897
-29.196897
-30.196897
-29.196897
-30.196897
-29.196897
-32.196897
-34.196897
-34.196897
-35.196897
-34.196897
-35.196897
-34.196897
-34.196897
-29.196897
-21.196897
-17.196897
-5.19689700000004
3.80310299999996
18.803103
33.803103
45.803103
55.803103
56.803103
56.803103
44.803103
28.803103
18.803103
11.803103
5.80310299999996
1.80310299999996
1.80310299999996
0.803102999999965
-0.196897000000035
-9.19689700000004
-22.196897
-25.196897
-26.196897
-26.196897
-27.196897
-28.196897
-27.196897
-28.196897
-27.196897
-28.196897
-30.196897
-29.196897
-31.196897
-33.196897
-33.196897
-33.196897
-32.196897
-33.196897
-33.196897
-32.196897
-31.196897
-30.196897
-27.196897
-13.196897
-0.196897000000035
16.803103
33.803103
47.803103
60.803103
60.803103
60.803103
60.803103
58.803103
48.803103
38.803103
31.803103
29.803103
22.803103
2.80310299999996
-7.19689700000004
-13.196897
-17.196897
-19.196897
-22.196897
-21.196897
-21.196897
-21.196897
-23.196897
-29.196897
-30.196897
-30.196897
-31.196897
-30.196897
-30.196897
-30.196897
-30.196897
-29.196897
-30.196897
-30.196897
-29.196897
-30.196897
-21.196897
-2.19689700000004
19.803103
38.803103
59.803103
76.803103
81.803103
92.803103
96.803103
96.803103
93.803103
82.803103
66.803103
52.803103
39.803103
17.803103
1.80310299999996
-2.19689700000004
-6.19689700000004
-9.19689700000004
-12.196897
-14.196897
-14.196897
-17.196897
-19.196897
-27.196897
-30.196897
-29.196897
-31.196897
-31.196897
-31.196897
-31.196897
-31.196897
-30.196897
-30.196897
-30.196897
-31.196897
-30.196897
-30.196897
-30.196897
-30.196897
-28.196897
-14.196897
2.80310299999996
19.803103
35.803103
48.803103
59.803103
60.803103
60.803103
52.803103
36.803103
25.803103
18.803103
13.803103
8.80310299999996
2.80310299999996
0.803102999999965
-7.19689700000004
-19.196897
-23.196897
-26.196897
-26.196897
-26.196897
-26.196897
-26.196897
-26.196897
-26.196897
-26.196897
-28.196897
-30.196897
-29.196897
-30.196897
-30.196897
-30.196897
-30.196897
-30.196897
-30.196897
-30.196897
-29.196897
-33.196897
-34.196897
-34.196897
-33.196897
-34.196897
-32.196897
-30.196897
-22.196897
-7.19689700000004
5.80310299999996
21.803103
28.803103
31.803103
34.803103
34.803103
34.803103
31.803103
30.803103
22.803103
14.803103
7.80310299999996
-6.19689700000004
-17.196897
-21.196897
-22.196897
-22.196897
-23.196897
-24.196897
-24.196897
-25.196897
-24.196897
-26.196897
-30.196897
-30.196897
-31.196897
-31.196897
-30.196897
-30.196897
-31.196897
-31.196897
-31.196897
-32.196897
-31.196897
-31.196897
-30.196897
-30.196897
-25.196897
-9.19689700000004
3.80310299999996
16.803103
29.803103
36.803103
37.803103
35.803103
30.803103
20.803103
9.80310299999996
2.80310299999996
-0.196897000000035
-1.19689700000004
-1.19689700000004
-2.19689700000004
-14.196897
-25.196897
-25.196897
-27.196897
-28.196897
-28.196897
-28.196897
-29.196897
-29.196897
-29.196897
-30.196897
-30.196897
-33.196897
-33.196897
-33.196897
-33.196897
-34.196897
-33.196897
-32.196897
-32.196897
-32.196897
-34.196897
-34.196897
-36.196897
-37.196897
-37.196897
-37.196897
-37.196897
-36.196897
-35.196897
-33.196897
-30.196897
-29.196897
-22.196897
-12.196897
-3.19689700000004
3.80310299999996
5.80310299999996
5.80310299999996
5.80310299999996
6.80310299999996
2.80310299999996
-1.19689700000004
-6.19689700000004
-11.196897
-14.196897
-14.196897
-16.196897
-17.196897
-16.196897
-17.196897
-18.196897
-23.196897
-29.196897
-30.196897
-30.196897
-30.196897
-30.196897
-30.196897
-30.196897
-30.196897
-29.196897
-29.196897
-31.196897
-33.196897
-34.196897
-34.196897
-33.196897
-33.196897
-33.196897
-33.196897
-34.196897
-34.196897
-34.196897
-33.196897
-28.196897
-16.196897
-2.19689700000004
9.80310299999996
24.803103
29.803103
28.803103
28.803103
23.803103
14.803103
5.80310299999996
1.80310299999996
-0.196897000000035
-1.19689700000004
-2.19689700000004
-2.19689700000004
-4.19689700000004
-17.196897
-25.196897
-25.196897
-26.196897
-26.196897
-26.196897
-26.196897
-26.196897
-26.196897
-28.196897
-29.196897
-30.196897
-30.196897
-30.196897
-31.196897
-31.196897
-31.196897
-31.196897
-31.196897
-31.196897
-30.196897
-30.196897
-29.196897
-29.196897
-17.196897
-2.19689700000004
9.80310299999996
24.803103
32.803103
33.803103
33.803103
30.803103
21.803103
10.803103
3.80310299999996
0.803102999999965
-0.196897000000035
-2.19689700000004
-1.19689700000004
-5.19689700000004
-19.196897
-25.196897
-26.196897
-27.196897
-27.196897
-28.196897
-28.196897
-27.196897
-28.196897
-28.196897
-29.196897
-30.196897
-30.196897
-32.196897
-33.196897
-33.196897
-34.196897
-34.196897
-33.196897
-34.196897
-33.196897
-34.196897
-33.196897
-31.196897
-24.196897
-9.19689700000004
4.80310299999996
20.803103
33.803103
36.803103
37.803103
34.803103
30.803103
22.803103
12.803103
8.80310299999996
3.80310299999996
1.80310299999996
1.80310299999996
-0.196897000000035
-4.19689700000004
-16.196897
-22.196897
-24.196897
-26.196897
-25.196897
-26.196897
-25.196897
-25.196897
-26.196897
-25.196897
-27.196897
-30.196897
-30.196897
-29.196897
-30.196897
-29.196897
-30.196897
-30.196897
-30.196897
-30.196897
-29.196897
-31.196897
-33.196897
-36.196897
-37.196897
-37.196897
-37.196897
-37.196897
-37.196897
-36.196897
-31.196897
-28.196897
-19.196897
-4.19689700000004
3.80310299999996
18.803103
34.803103
48.803103
59.803103
60.803103
60.803103
47.803103
31.803103
23.803103
16.803103
12.803103
10.803103
8.80310299999996
2.80310299999996
0.803102999999965
-9.19689700000004
-21.196897
-23.196897
-26.196897
-25.196897
-26.196897
-26.196897
-26.196897
-26.196897
-25.196897
-27.196897
-30.196897
-30.196897
-30.196897
-30.196897
-30.196897
-30.196897
-30.196897
-30.196897
-30.196897
-29.196897
-30.196897
-29.196897
-29.196897
-20.196897
-4.19689700000004
10.803103
26.803103
41.803103
52.803103
55.803103
57.803103
56.803103
53.803103
41.803103
29.803103
26.803103
20.803103
14.803103
2.80310299999996
-9.19689700000004
-13.196897
-16.196897
-18.196897
-18.196897
-18.196897
-18.196897
-18.196897
-18.196897
-18.196897
-18.196897
-18.196897
-18.196897
-18.196897
-18.196897
-18.196897
-18.196897
-24.196897
-29.196897
-32.196897
-36.196897
-37.196897
-37.196897
-38.196897
-36.196897
-31.196897
-18.196897
-3.19689700000004
15.803103
33.803103
36.803103
46.803103
56.803103
58.803103
59.803103
56.803103
54.803103
42.803103
30.803103
15.803103
-0.196897000000035
-2.19689700000004
-5.19689700000004
-6.19689700000004
-6.19689700000004
-6.19689700000004
-6.19689700000004
-6.19689700000004
-7.19689700000004
-17.196897
-25.196897
-26.196897
-28.196897
-27.196897
-28.196897
-29.196897
-28.196897
-29.196897
-29.196897
-29.196897
-30.196897
-30.196897
-30.196897
-28.196897
-23.196897
-9.19689700000004
5.80310299999996
21.803103
40.803103
51.803103
53.803103
54.803103
56.803103
54.803103
53.803103
48.803103
35.803103
27.803103
21.803103
5.80310299999996
-4.19689700000004
-7.19689700000004
-10.196897
-12.196897
-14.196897
-13.196897
-14.196897
-14.196897
-13.196897
-20.196897
-26.196897
-28.196897
-30.196897
-29.196897
-30.196897
-30.196897
-30.196897
-30.196897
-29.196897
-30.196897
-30.196897
-30.196897
-29.196897
-27.196897
-18.196897
-4.19689700000004
5.80310299999996
21.803103
34.803103
36.803103
37.803103
36.803103
37.803103
35.803103
31.803103
26.803103
18.803103
11.803103
-2.19689700000004
-14.196897
-17.196897
-18.196897
-20.196897
-21.196897
-21.196897
-21.196897
-21.196897
-22.196897
-26.196897
-30.196897
-29.196897
-31.196897
-31.196897
-29.196897
-30.196897
-30.196897
-30.196897
-29.196897
-30.196897
-31.196897
-32.196897
-33.196897
-33.196897
-32.196897
-32.196897
-32.196897
-31.196897
-32.196897
-31.196897
-32.196897
-32.196897
-32.196897
-33.196897
-31.196897
-31.196897
-32.196897
-31.196897
-31.196897
-30.196897
-30.196897
-31.196897
-31.196897
-32.196897
-31.196897
-32.196897
-33.196897
-33.196897
-32.196897
-32.196897
-31.196897
-32.196897
-33.196897
-33.196897
-36.196897
-41.196897
-41.196897
-41.196897
-41.196897
-38.196897
-33.196897
-23.196897
-16.196897
-5.19689700000004
14.803103
34.803103
60.803103
91.803103
116.803103
140.803103
151.803103
151.803103
151.803103
151.803103
144.803103
136.803103
116.803103
92.803103
63.803103
29.803103
12.803103
0.803102999999965
-3.19689700000004
-5.19689700000004
-6.19689700000004
-9.19689700000004
-12.196897
-16.196897
-25.196897
-29.196897
-30.196897
-30.196897
-29.196897
-30.196897
-27.196897
-12.196897
6.80310299999996
30.803103
57.803103
75.803103
94.803103
121.803103
143.803103
166.803103
191.803103
199.803103
199.803103
199.803103
186.803103
160.803103
135.803103
110.803103
88.803103
67.803103
46.803103
29.803103
18.803103
7.80310299999996
-0.196897000000035
-4.19689700000004
-17.196897
-27.196897
-29.196897
-30.196897
-29.196897
-30.196897
-30.196897
-30.196897
-29.196897
-27.196897
-14.196897
-3.19689700000004
0.803102999999965
17.803103
36.803103
59.803103
92.803103
126.803103
161.803103
195.803103
219.803103
231.803103
232.803103
233.803103
221.803103
198.803103
178.803103
156.803103
133.803103
105.803103
82.803103
56.803103
23.803103
5.80310299999996
-2.19689700000004
-7.19689700000004
-13.196897
-14.196897
-16.196897
-18.196897
-18.196897
-19.196897
-24.196897
-30.196897
-30.196897
-30.196897
-30.196897
-30.196897
-30.196897
-30.196897
-29.196897
-19.196897
-3.19689700000004
3.80310299999996
17.803103
38.803103
59.803103
85.803103
115.803103
144.803103
161.803103
168.803103
170.803103
170.803103
170.803103
159.803103
137.803103
112.803103
90.803103
71.803103
50.803103
33.803103
18.803103
-2.19689700000004
-14.196897
-20.196897
-23.196897
-24.196897
-26.196897
-25.196897
-25.196897
-26.196897
-26.196897
-28.196897
-31.196897
-32.196897
-32.196897
-31.196897
-30.196897
-30.196897
-30.196897
-30.196897
-30.196897
-29.196897
-30.196897
-27.196897
-17.196897
-1.19689700000004
21.803103
48.803103
76.803103
102.803103
129.803103
146.803103
149.803103
151.803103
149.803103
146.803103
134.803103
112.803103
92.803103
72.803103
51.803103
21.803103
1.80310299999996
-3.19689700000004
-11.196897
-14.196897
-14.196897
-17.196897
-18.196897
-18.196897
-18.196897
-21.196897
-28.196897
-30.196897
-30.196897
-30.196897
-30.196897
-30.196897
-30.196897
-30.196897
-30.196897
-30.196897
-29.196897
-30.196897
-32.196897
-32.196897
-32.196897
-33.196897
-32.196897
-33.196897
-31.196897
-30.196897
-27.196897
-18.196897
-12.196897
-2.19689700000004
13.803103
30.803103
52.803103
79.803103
102.803103
112.803103
116.803103
119.803103
118.803103
110.803103
97.803103
79.803103
61.803103
45.803103
33.803103
24.803103
15.803103
9.80310299999996
-5.19689700000004
-18.196897
-22.196897
-25.196897
-26.196897
-26.196897
-26.196897
-26.196897
-26.196897
-26.196897
-26.196897
-28.196897
-30.196897
-29.196897
-30.196897
-30.196897
-30.196897
-30.196897
-30.196897
-30.196897
-29.196897
-30.196897
-29.196897
-29.196897
-21.196897
-4.19689700000004
15.803103
39.803103
61.803103
79.803103
88.803103
91.803103
90.803103
88.803103
75.803103
57.803103
43.803103
32.803103
23.803103
16.803103
6.80310299999996
-10.196897
-20.196897
-25.196897
-26.196897
-25.196897
-26.196897
-26.196897
-26.196897
-26.196897
-26.196897
-26.196897
-29.196897
-30.196897
-30.196897
-30.196897
-30.196897
-30.196897
-30.196897
-30.196897
-30.196897
-30.196897
-30.196897
-30.196897
-31.196897
-33.196897
-33.196897
-33.196897
-34.196897
-33.196897
-33.196897
-33.196897
-33.196897
-33.196897
-33.196897
-33.196897
-33.196897
-33.196897
-31.196897
-30.196897
-26.196897
-16.196897
-13.196897
-13.196897
-11.196897
-12.196897
-13.196897
-14.196897
-20.196897
-25.196897
-26.196897
-26.196897
-26.196897
-26.196897
-26.196897
-26.196897
-26.196897
-26.196897
-27.196897
-29.196897
-32.196897
-33.196897
-33.196897
-33.196897
-33.196897
-33.196897
-33.196897
-32.196897
-32.196897
-33.196897
-33.196897
-33.196897
-33.196897
-33.196897
-33.196897
-33.196897
-34.196897
-33.196897
-33.196897
-33.196897
-34.196897
-34.196897
-33.196897
-33.196897
-34.196897
-33.196897
-34.196897
-34.196897
-33.196897
-33.196897
-33.196897
-34.196897
-33.196897
-33.196897
-29.196897
-21.196897
-9.19689700000004
-0.196897000000035
3.80310299999996
4.80310299999996
4.80310299999996
3.80310299999996
2.80310299999996
0.803102999999965
-14.196897
-25.196897
-28.196897
-30.196897
-29.196897
-30.196897
-29.196897
-30.196897
-29.196897
-30.196897
-29.196897
-30.196897
-33.196897
-34.196897
-33.196897
-34.196897
-33.196897
-33.196897
-33.196897
-34.196897
-33.196897
-34.196897
-33.196897
-33.196897
-33.196897
-34.196897
-34.196897
-35.196897
-34.196897
-34.196897
-34.196897
-33.196897
-34.196897
-34.196897
-33.196897
-35.196897
-37.196897
-37.196897
-37.196897
-36.196897
-36.196897
-37.196897
-36.196897
-35.196897
-34.196897
-33.196897
-26.196897
-10.196897
0.803102999999965
12.803103
29.803103
36.803103
38.803103
40.803103
40.803103
38.803103
31.803103
19.803103
9.80310299999996
1.80310299999996
-1.19689700000004
-2.19689700000004
-2.19689700000004
-3.19689700000004
-5.19689700000004
-9.19689700000004
-24.196897
-31.196897
-33.196897
-34.196897
-33.196897
-34.196897
-34.196897
-34.196897
-33.196897
-34.196897
-34.196897
-34.196897
-34.196897
-34.196897
-35.196897
-35.196897
-35.196897
-33.196897
-34.196897
-30.196897
-26.196897
-20.196897
-7.19689700000004
2.80310299999996
18.803103
34.803103
39.803103
41.803103
40.803103
38.803103
27.803103
6.80310299999996
-2.19689700000004
-4.19689700000004
-7.19689700000004
-10.196897
-10.196897
-10.196897
-10.196897
-10.196897
-11.196897
-12.196897
-18.196897
-28.196897
-30.196897
-30.196897
-30.196897
-29.196897
-30.196897
-30.196897
-30.196897
-30.196897
-30.196897
-30.196897
-30.196897
-32.196897
-34.196897
-33.196897
-33.196897
-33.196897
-30.196897
-22.196897
-5.19689700000004
10.803103
31.803103
45.803103
53.803103
69.803103
87.803103
100.803103
109.803103
113.803103
115.803103
115.803103
113.803103
106.803103
78.803103
50.803103
34.803103
26.803103
20.803103
14.803103
13.803103
12.803103
9.80310299999996
4.80310299999996
0.803102999999965
-10.196897
-22.196897
-25.196897
-26.196897
-26.196897
-26.196897
-26.196897
-26.196897
-26.196897
-26.196897
-26.196897
-26.196897
-28.196897
-29.196897
-29.196897
-29.196897
-28.196897
-26.196897
-16.196897
-2.19689700000004
12.803103
31.803103
38.803103
50.803103
72.803103
89.803103
106.803103
116.803103
122.803103
123.803103
123.803103
119.803103
92.803103
65.803103
48.803103
33.803103
26.803103
22.803103
16.803103
13.803103
9.80310299999996
4.80310299999996
-5.19689700000004
-18.196897
-25.196897
-26.196897
-26.196897
-25.196897
-26.196897
-26.196897
-26.196897
-26.196897
-26.196897
-29.196897
-30.196897
-31.196897
-31.196897
-29.196897
-30.196897
-29.196897
-26.196897
-13.196897
-0.196897000000035
15.803103
28.803103
32.803103
38.803103
41.803103
40.803103
41.803103
40.803103
33.803103
25.803103
17.803103
9.80310299999996
-4.19689700000004
-14.196897
-18.196897
-21.196897
-22.196897
-21.196897
-22.196897
-22.196897
-21.196897
-22.196897
-21.196897
-24.196897
-29.196897
-31.196897
-32.196897
-32.196897
-33.196897
-33.196897
-33.196897
-32.196897
-32.196897
-33.196897
-32.196897
-32.196897
-33.196897
-33.196897
-34.196897
-34.196897
-33.196897
-33.196897
-33.196897
-33.196897
-33.196897
-32.196897
-29.196897
-28.196897
-22.196897
-10.196897
-0.196897000000035
8.80310299999996
13.803103
13.803103
13.803103
13.803103
13.803103
9.80310299999996
-4.19689700000004
-15.196897
-19.196897
-22.196897
-22.196897
-22.196897
-22.196897
-22.196897
-22.196897
-22.196897
-21.196897
-23.196897
-28.196897
-30.196897
-30.196897
-30.196897
-30.196897
-30.196897
-29.196897
-30.196897
-29.196897
-30.196897
-29.196897
-30.196897
-33.196897
-33.196897
-33.196897
-33.196897
-34.196897
-34.196897
-34.196897
-32.196897
-32.196897
-34.196897
-32.196897
-34.196897
-31.196897
-30.196897
-22.196897
-3.19689700000004
11.803103
30.803103
46.803103
68.803103
85.803103
89.803103
94.803103
96.803103
95.803103
96.803103
93.803103
82.803103
63.803103
50.803103
34.803103
13.803103
3.80310299999996
-1.19689700000004
-2.19689700000004
-2.19689700000004
-2.19689700000004
-1.19689700000004
-2.19689700000004
-4.19689700000004
-14.196897
-25.196897
-28.196897
-30.196897
-29.196897
-29.196897
-30.196897
-30.196897
-30.196897
-30.196897
-30.196897
-30.196897
-29.196897
-30.196897
-29.196897
-30.196897
-21.196897
-5.19689700000004
12.803103
30.803103
36.803103
49.803103
66.803103
81.803103
99.803103
110.803103
113.803103
114.803103
112.803103
91.803103
62.803103
41.803103
29.803103
21.803103
15.803103
12.803103
8.80310299999996
2.80310299999996
-0.196897000000035
-4.19689700000004
-18.196897
-26.196897
-26.196897
-28.196897
-28.196897
-28.196897
-29.196897
-28.196897
-29.196897
-29.196897
-29.196897
-30.196897
-29.196897
-30.196897
-32.196897
-34.196897
-34.196897
-33.196897
-34.196897
-33.196897
-34.196897
-32.196897
-30.196897
-23.196897
-16.196897
-11.196897
0.803102999999965
10.803103
19.803103
25.803103
25.803103
25.803103
25.803103
23.803103
17.803103
5.80310299999996
-8.19689700000004
-15.196897
-19.196897
-21.196897
-22.196897
-22.196897
-22.196897
-22.196897
-22.196897
-22.196897
-21.196897
-22.196897
-28.196897
-30.196897
-29.196897
-30.196897
-30.196897
-31.196897
-30.196897
-29.196897
-29.196897
-30.196897
-30.196897
-30.196897
-32.196897
-33.196897
-34.196897
-34.196897
-33.196897
-34.196897
-33.196897
-33.196897
-33.196897
-33.196897
-33.196897
-30.196897
-29.196897
-18.196897
-3.19689700000004
14.803103
37.803103
58.803103
78.803103
89.803103
91.803103
92.803103
90.803103
80.803103
62.803103
45.803103
32.803103
27.803103
22.803103
15.803103
11.803103
2.80310299999996
-12.196897
-21.196897
-24.196897
-26.196897
-26.196897
-26.196897
-26.196897
-26.196897
-25.196897
-27.196897
-30.196897
-32.196897
-33.196897
-33.196897
-34.196897
-33.196897
-33.196897
-33.196897
-33.196897
-32.196897
-33.196897
-31.196897
-30.196897
-22.196897
-5.19689700000004
12.803103
29.803103
48.803103
61.803103
67.803103
81.803103
94.803103
100.803103
103.803103
103.803103
103.803103
101.803103
92.803103
64.803103
37.803103
27.803103
18.803103
13.803103
10.803103
6.80310299999996
1.80310299999996
-0.196897000000035
-2.19689700000004
-1.19689700000004
-6.19689700000004
-21.196897
-27.196897
-29.196897
-29.196897
-30.196897
-30.196897
-29.196897
-30.196897
-30.196897
-30.196897
-30.196897
-29.196897
-29.196897
-30.196897
-29.196897
-30.196897
-29.196897
-27.196897
-16.196897
-2.19689700000004
12.803103
34.803103
53.803103
78.803103
94.803103
95.803103
96.803103
95.803103
96.803103
94.803103
86.803103
70.803103
56.803103
45.803103
35.803103
22.803103
3.80310299999996
-2.19689700000004
-5.19689700000004
-8.19689700000004
-9.19689700000004
-10.196897
-10.196897
-10.196897
-10.196897
-10.196897
-12.196897
-22.196897
-29.196897
-30.196897
-30.196897
-30.196897
-30.196897
-29.196897
-29.196897
-27.196897
-19.196897
-4.19689700000004
1.80310299999996
10.803103
29.803103
44.803103
62.803103
86.803103
100.803103
104.803103
103.803103
104.803103
96.803103
68.803103
45.803103
32.803103
25.803103
20.803103
15.803103
12.803103
9.80310299999996
3.80310299999996
0.803102999999965
-7.19689700000004
-22.196897
-25.196897
-27.196897
-28.196897
-29.196897
-29.196897
-29.196897
-28.196897
-28.196897
-29.196897
-29.196897
-30.196897
-29.196897
-30.196897
-28.196897
-25.196897
-14.196897
-0.196897000000035
13.803103
32.803103
40.803103
45.803103
57.803103
61.803103
62.803103
63.803103
61.803103
59.803103
50.803103
38.803103
17.803103
1.80310299999996
-2.19689700000004
-5.19689700000004
-6.19689700000004
-7.19689700000004
-9.19689700000004
-10.196897
