-0.112
-0.112
-0.112
-0.112
-0.116
-0.116
-0.112
-0.112
-0.112
-0.112
-0.108
-0.108
-0.108
-0.108
-0.108
-0.108
-0.112
-0.112
-0.108
-0.108
-0.108
-0.108
-0.112
-0.112
-0.112
-0.112
-0.112
-0.112
-0.112
-0.112
-0.116
-0.116
-0.116
-0.116
-0.112
-0.112
-0.108
-0.108
-0.112
-0.112
-0.108
-0.108
-0.108
-0.108
-0.108
-0.108
-0.112
-0.112
-0.112
-0.112
-0.112
-0.112
-0.112
-0.112
-0.116
-0.116
-0.116
-0.116
-0.112
-0.112
-0.116
-0.116
-0.116
-0.116
-0.112
-0.112
-0.112
-0.112
-0.116
-0.116
-0.112
-0.112
-0.112
-0.112
-0.116
-0.116
-0.116
-0.116
-0.116
-0.116
-0.12
-0.12
-0.12
-0.12
-0.12
-0.12
-0.116
-0.116
-0.116
-0.224
-0.156
-0.28
-0.16
-0.124
-0.072
-0.016
0.052
0.124
0.212
0.412
0.448
0.676
0.676
0.76
0.84
0.916
0.988
1.064
1.136
1.204
1.272
1.336
1.396
1.456
1.516
1.576
1.636
1.692
1.744
1.796
1.844
1.9
1.948
1.996
2.04
2.084
2.124
2.16
2.192
2.176
2.196
2.032
1.996
1.784
1.704
1.58
1.456
1.336
1.22
1.152
1.052
1.128
1.08
1.212
1.212
1.24
1.292
1.34
1.396
1.452
1.528
1.596
1.676
1.756
1.844
1.952
2.044
2.144
2.244
2.344
2.424
2.52
2.612
2.7
2.788
2.872
2.948
3.024
3.092
3.164
3.228
3.292
3.344
3.396
3.44
3.48
3.52
3.556
3.588
3.616
3.644
3.668
3.688
3.708
3.724
3.744
3.756
3.768
3.78
3.788
3.796
3.804
3.812
3.82
3.828
3.832
3.84
3.844
3.848
3.848
3.852
3.852
3.856
3.856
3.856
3.856
3.856
3.856
3.856
3.86
3.86
3.86
3.86
3.86
3.86
3.86
3.86
3.86
3.86
3.856
3.86
3.86
3.86
3.86
3.86
3.86
3.86
3.86
3.86
3.864
3.86
3.86
3.86
3.86
3.86
3.86
3.86
3.86
3.86
3.86
3.86
3.86
3.86
3.86
3.86
3.86
3.86
3.86
3.86
3.86
3.86
3.86
3.86
3.86
3.86
3.86
3.86
3.86
3.86
3.86
3.86
3.86
3.86
3.86
3.86
3.86
3.86
3.86
3.86
3.86
3.86
3.86
3.86
3.86
3.86
3.856
3.856
3.856
3.856
3.856
3.856
3.856
3.856
3.856
3.856
3.86
3.86
3.856
3.856
3.856
3.856
3.856
3.856
3.856
3.856
3.856
3.856
3.86
3.86
3.86
3.86
3.856
3.856
3.856
3.856
3.856
3.856
3.856
3.856
3.856
3.856
3.86
3.86
3.86
3.86
3.86
3.86
3.86
3.86
3.86
3.86
3.86
3.86
3.86
3.86
3.86
3.86
3.86
3.86
3.86
3.86
3.86
3.86
3.86
3.86
3.86
3.86
3.86
3.86
3.86
3.86
3.86
3.86
3.86
3.86
3.86
3.86
3.86
3.86
3.856
3.856
3.856
3.856
3.852
3.852
3.852
3.848
3.776
3.812
3.132
3.44
3.24
3.08
2.852
2.644
2.364
2.132
1.932
1.636
2.036
1.452
1.356
1.228
1.156
1.064
1.032
0.96
0.916
0.864
0.828
0.784
0.756
0.72
0.7
0.672
0.656
0.632
0.616
0.592
0.58
0.564
0.556
0.544
0.536
0.528
0.52
0.516
0.512
0.508
0.504
0.5
0.492
0.488
0.472
0.468
0.464
0.456
0.448
0.44
0.432
0.424
0.42
0.412
0.412
0.4
0.392
0.384
0.38
0.376
0.368
0.364
0.356
0.352
0.348
0.348
0.344
0.34
0.336
0.332
0.332
0.328
0.328
0.324
0.32
0.316
0.312
0.308
0.304
0.3
0.292
0.288
0.28
0.276
0.272
0.268
0.264
0.264
0.26
0.26
0.26
0.26
0.256
0.256
0.252
0.248
0.244
0.24
0.236
0.232
0.228
0.224
0.224
0.22
0.216
0.212
0.212
0.208
0.204
0.2
0.196
0.192
0.188
0.184
0.184
0.184
0.18
0.18
0.18
0.176
0.176
0.172
0.168
0.164
0.164
0.16
0.156
0.156
0.152
0.152
0.148
0.148
0.148
0.148
0.144
0.144
0.144
0.14
0.14
0.14
0.14
0.14
0.14
0.136
0.136
0.132
0.132
0.128
0.128
0.132
0.144
0.192
0.248
0.332
0.384
0.464
0.524
0.596
0.656
0.712
0.756
0.764
0.76
0.732
0.728
0.7
0.684
0.664
0.644
0.624
0.604
0.584
0.568
0.548
0.532
0.512
0.496
0.476
0.464
0.448
0.436
0.42
0.404
0.392
0.38
0.368
0.356
0.344
0.328
0.316
0.304
0.296
0.288
0.276
0.264
0.256
0.248
0.236
0.228
0.22
0.212
0.2
0.188
0.18
0.172
0.16
0.148
0.14
0.132
0.124
0.116
0.112
0.108
0.0999999999999999
0.0919999999999999
0.0879999999999999
0.0839999999999999
0.0759999999999999
0.0719999999999999
0.0639999999999999
0.0559999999999999
0.0479999999999999
0.0399999999999999
0.0359999999999999
0.0319999999999999
0.0239999999999999
0.0199999999999999
0.0159999999999999
0.0079999999999999
0.0039999999999999
-9.85322934354826e-17
-0.0040000000000001
-0.0080000000000001
-0.0120000000000001
-0.0160000000000001
-0.0200000000000001
-0.0240000000000001
-0.0280000000000001
-0.0280000000000001
-0.0320000000000001
-0.0360000000000001
-0.0400000000000001
-0.0440000000000001
-0.0480000000000001
-0.0520000000000001
-0.0520000000000001
-0.0560000000000001
-0.0600000000000001
-0.0640000000000001
-0.0640000000000001
-0.0640000000000001
-0.0680000000000001
-0.0680000000000001
-0.0720000000000001
-0.0720000000000001
-0.0760000000000001
-0.0800000000000001
-0.0800000000000001
-0.0840000000000001
-0.0880000000000001
-0.0920000000000001
-0.0920000000000001
-0.0960000000000001
-0.0960000000000001
-0.1
-0.1
-0.1
-0.1
-0.1
-0.104
-0.104
-0.104
-0.104
-0.104
-0.104
-0.104
-0.104
-0.108
-0.108
-0.104
-0.104
-0.104
-0.104
-0.108
-0.108
-0.108
-0.108
-0.108
-0.108
-0.108
-0.108
-0.112
-0.112
-0.108
-0.108
-0.112
-0.112
-0.112
-0.112
-0.112
-0.112
-0.108
-0.108
-0.112
-0.112
-0.108
-0.108
-0.108
-0.108
-0.112
-0.112
-0.116
-0.116
-0.112
-0.112
-0.116
-0.12
-0.116
-0.116
-0.116
-0.116
-0.112
-0.112
-0.112
-0.112
-0.108
-0.104
-0.108
-0.108
-0.108
-0.108
-0.112
-0.112
-0.116
-0.116
-0.12
-0.12
-0.116
-0.116
-0.116
-0.116
-0.112
-0.112
-0.112
-0.112
-0.112
-0.112
-0.116
-0.116
-0.116
-0.116
-0.116
-0.116
-0.112
-0.112
-0.108
-0.108
-0.104
-0.104
-0.104
-0.104
-0.104
-0.104
-0.104
-0.104
-0.104
-0.104
-0.104
-0.104
-0.104
-0.104
-0.104
-0.104
-0.108
-0.108
-0.108
-0.108
-0.108
-0.108
-0.108
-0.108
-0.112
-0.112
-0.112
-0.112
-0.112
-0.112
-0.112
-0.112
-0.112
-0.112
-0.112
-0.112
-0.112
-0.112
-0.116
-0.116
-0.116
-0.116
-0.112
-0.112
-0.112
-0.112
-0.112
-0.112
-0.108
-0.108
-0.112
-0.112
-0.112
-0.112
-0.112
-0.112
-0.112
-0.112
-0.112
-0.112
-0.112
-0.112
-0.112
-0.112
-0.108
-0.108
-0.108
-0.108
-0.108
-0.108
-0.108
-0.108
-0.112
-0.112
-0.116
-0.116
-0.116
-0.116
-0.116
-0.116
-0.112
-0.112
-0.112
-0.112
-0.108
-0.108
-0.108
-0.108
-0.112
-0.112
-0.112
-0.112
-0.112
-0.112
-0.112
-0.112
-0.108
-0.108
-0.108
-0.108
-0.112
-0.112
-0.112
-0.112
-0.116
-0.116
-0.12
-0.12
-0.12
-0.12
-0.116
-0.116
-0.112
-0.112
-0.112
-0.112
-0.112
-0.112
-0.108
-0.108
-0.108
-0.108
-0.112
-0.112
-0.108
-0.108
-0.108
-0.108
-0.112
-0.112
-0.112
-0.112
-0.112
-0.112
-0.116
-0.116
-0.116
-0.116
-0.116
-0.116
-0.116
-0.116
-0.112
-0.112
-0.108
-0.108
-0.108
-0.108
-0.104
-0.104
-0.104
-0.104
-0.104
-0.104
-0.108
-0.108
-0.108
-0.108
-0.108
-0.108
-0.108
-0.108
-0.112
-0.112
-0.112
-0.112
-0.112
-0.112
-0.116
-0.116
-0.12
-0.12
-0.12
-0.12
-0.116
-0.116
-0.112
-0.112
-0.112
-0.112
-0.112
-0.112
-0.108
-0.108
-0.108
-0.108
-0.108
-0.108
-0.108
-0.108
-0.104
-0.104
-0.104
-0.104
-0.108
-0.108
-0.108
-0.108
-0.104
-0.104
-0.104
-0.104
-0.108
-0.108
-0.108
-0.108
-0.112
-0.112
-0.116
-0.116
-0.12
-0.12
-0.116
-0.116
-0.116
-0.116
-0.116
-0.116
-0.116
-0.116
-0.116
-0.116
-0.12
-0.12
-0.116
-0.116
-0.112
-0.112
-0.108
-0.108
-0.108
-0.108
-0.104
-0.104
-0.104
-0.104
-0.104
-0.104
-0.104
-0.104
-0.104
-0.104
-0.108
-0.108
-0.108
-0.108
-0.108
-0.108
-0.108
-0.108
-0.108
-0.108
-0.108
-0.108
-0.112
-0.112
-0.112
-0.112
-0.112
-0.112
-0.112
-0.112
-0.112
-0.112
-0.108
-0.108
-0.108
-0.108
-0.108
-0.108
-0.104
-0.104
-0.104
-0.104
-0.104
-0.104
-0.108
-0.108
-0.112
-0.112
-0.116
-0.116
-0.116
-0.116
-0.12
-0.12
-0.12
-0.12
-0.116
-0.116
-0.116
-0.116
-0.116
-0.116
-0.112
-0.112
-0.108
-0.108
-0.112
-0.112
-0.108
-0.108
-0.108
-0.108
-0.112
-0.112
-0.116
-0.116
-0.116
-0.116
-0.12
-0.12
-0.12
-0.12
-0.116
-0.116
-0.112
-0.112
-0.112
-0.112
-0.108
-0.108
-0.104
-0.104
-0.108
-0.108
-0.112
-0.112
-0.112
-0.112
-0.116
-0.116
-0.12
-0.12
-0.12
-0.12
-0.12
-0.12
-0.12
-0.12
-0.116
-0.116
-0.116
-0.116
-0.116
-0.116
-0.116
-0.116
-0.116
-0.116
-0.12
-0.12
-0.116
-0.116
-0.116
-0.116
-0.112
-0.112
-0.112
-0.112
-0.112
-0.112
-0.116
-0.116
-0.112
-0.236
-0.18
-0.164
-0.124
-0.0800000000000001
-0.0200000000000001
0.0399999999999999
0.116
0.196
0.28
0.496
0.544
0.636
0.72
0.8
0.876
0.952
1.024
1.092
1.164
1.236
1.3
1.368
1.428
1.488
1.548
1.608
1.664
1.72
1.776
1.828
1.88
1.928
1.976
2.024
2.068
2.112
2.152
2.164
2.188
2.068
2.056
1.852
1.776
1.58
1.484
1.364
1.244
1.152
1.044
1.084
1.016
1.14
1.148
1.264
1.288
1.336
1.392
1.448
1.516
1.58
1.652
1.728
1.804
1.892
1.984
2.076
2.172
2.272
2.364
2.46
2.556
2.648
2.736
2.828
2.908
2.992
3.068
3.144
3.216
3.284
3.344
3.404
3.456
3.5
3.544
3.584
3.62
3.652
3.68
3.708
3.732
3.756
3.776
3.796
3.812
3.824
3.836
3.848
3.856
3.864
3.868
3.872
3.872
3.876
3.88
3.884
3.888
3.892
3.896
3.896
3.9
3.904
3.908
3.908
3.908
3.912
3.912
3.912
3.912
3.916
3.916
3.916
3.916
3.92
3.92
3.92
3.924
3.92
3.924
3.924
3.924
3.924
3.924
3.924
3.924
3.924
3.92
3.924
3.92
3.92
3.92
3.916
3.916
3.916
3.916
3.916
3.916
3.912
3.912
3.912
3.912
3.916
3.916
3.916
3.916
3.916
3.916
3.92
3.92
3.92
3.92
3.92
3.92
3.916
3.916
3.916
3.916
3.916
3.916
3.916
3.916
3.916
3.916
3.916
3.916
3.916
3.916
3.912
3.912
3.912
3.912
3.908
3.908
3.912
3.912
3.908
3.908
3.912
3.912
3.908
3.908
3.908
3.908
3.904
3.904
3.908
3.908
3.904
3.904
3.908
3.908
3.912
3.912
3.912
3.912
3.912
3.912
3.912
3.912
3.908
3.908
3.904
3.904
3.904
3.904
3.904
3.904
3.904
3.904
3.908
3.908
3.908
3.908
3.912
3.912
3.908
3.908
3.908
3.908
3.904
3.904
3.908
3.908
3.904
3.904
3.904
3.904
3.904
3.904
3.908
3.908
3.908
3.908
3.912
3.912
3.916
3.916
3.916
3.916
3.916
3.916
3.916
3.916
3.916
3.916
3.912
3.912
3.912
3.912
3.908
3.908
3.904
3.904
3.904
3.904
3.908
3.908
3.908
3.908
3.912
3.912
3.916
3.916
3.912
3.912
3.908
3.908
3.908
3.908
3.904
3.904
3.9
3.9
3.9
3.896
3.896
3.896
3.896
3.892
3.892
3.888
3.888
3.884
3.884
3.884
3.196
3.5
3.328
3.216
3
2.824
2.584
2.368
2.108
1.868
2.28
1.708
1.588
1.42
1.3
1.196
1.128
1.044
0.988
0.92
0.876
0.824
0.792
0.752
0.76
0.716
0.692
0.664
0.648
0.624
0.608
0.588
0.576
0.56
0.552
0.54
0.536
0.528
0.52
0.516
0.512
0.508
0.504
0.5
0.492
0.484
0.476
0.468
0.46
0.452
0.444
0.44
0.428
0.42
0.412
0.408
0.4
0.396
0.392
0.384
0.38
0.372
0.368
0.364
0.36
0.356
0.352
0.344
0.34
0.336
0.332
0.328
0.328
0.324
0.32
0.316
0.312
0.312
0.308
0.304
0.296
0.292
0.284
0.28
0.276
0.272
0.268
0.264
0.26
0.26
0.26
0.26
0.26
0.26
0.256
0.252
0.248
0.244
0.24
0.236
0.232
0.224
0.22
0.216
0.216
0.212
0.212
0.212
0.212
0.208
0.204
0.204
0.2
0.196
0.192
0.192
0.188
0.184
0.18
0.18
0.18
0.176
0.176
0.172
0.172
0.168
0.164
0.16
0.156
0.152
0.148
0.148
0.144
0.144
0.14
0.14
0.14
0.14
0.14
0.136
0.136
0.136
0.136
0.132
0.132
0.132
0.132
0.128
0.128
0.128
0.128
0.124
0.124
0.128
0.132
0.168
0.208
0.3
0.34
0.428
0.496
0.564
0.624
0.684
0.736
0.756
0.768
0.732
0.74
0.704
0.684
0.664
0.648
0.628
0.612
0.592
0.576
0.56
0.548
0.532
0.516
0.504
0.488
0.476
0.46
0.448
0.432
0.416
0.4
0.388
0.372
0.356
0.344
0.328
0.316
0.304
0.296
0.288
0.276
0.264
0.256
0.248
0.236
0.228
0.22
0.212
0.204
0.192
0.184
0.176
0.164
0.152
0.144
0.136
0.128
0.12
0.112
0.108
0.104
0.0959999999999999
0.0919999999999999
0.0879999999999999
0.0839999999999999
0.0759999999999999
0.0679999999999999
0.0599999999999999
0.0519999999999999
0.0439999999999999
0.0359999999999999
0.0279999999999999
0.0239999999999999
0.0159999999999999
0.0119999999999999
0.00799999999999991
0.00399999999999991
-9.15933995315754e-17
-0.00400000000000009
-0.00800000000000009
-0.0120000000000001
-0.0120000000000001
-0.0160000000000001
-0.0200000000000001
-0.0240000000000001
-0.0280000000000001
-0.0280000000000001
-0.0320000000000001
-0.0360000000000001
-0.0400000000000001
-0.0440000000000001
-0.0480000000000001
-0.0520000000000001
-0.0560000000000001
-0.0600000000000001
-0.0640000000000001
-0.0680000000000001
-0.0720000000000001
-0.0720000000000001
-0.0760000000000001
-0.0800000000000001
-0.0840000000000001
-0.0880000000000001
-0.0880000000000001
-0.0920000000000001
-0.0920000000000001
-0.0960000000000001
-0.0960000000000001
-0.1
-0.1
-0.1
-0.1
-0.1
-0.104
-0.104
-0.108
-0.108
-0.108
-0.108
-0.112
-0.112
-0.116
-0.116
-0.116
-0.116
-0.112
-0.112
-0.112
-0.112
-0.112
-0.112
-0.112
-0.112
-0.108
-0.108
-0.112
-0.112
-0.116
-0.116
-0.116
-0.116
-0.112
-0.112
-0.116
-0.116
-0.116
-0.116
-0.116
-0.116
-0.112
-0.112
-0.116
-0.116
-0.116
-0.116
-0.116
-0.116
-0.116
-0.116
-0.12
-0.12
-0.12
-0.12
-0.12
-0.12
-0.12
-0.12
-0.12
-0.12
-0.12
-0.12
-0.116
-0.116
-0.116
-0.116
-0.112
-0.112
-0.112
-0.112
-0.108
-0.108
-0.108
-0.108
-0.108
-0.108
-0.112
-0.112
-0.108
-0.108
-0.112
-0.112
-0.116
-0.116
-0.112
-0.112
-0.108
-0.108
-0.112
-0.112
-0.112
-0.112
-0.112
-0.112
-0.112
-0.112
-0.112
-0.112
-0.112
-0.112
-0.112
-0.112
-0.112
-0.112
-0.116
-0.116
-0.116
-0.116
-0.112
-0.112
-0.112
-0.112
-0.112
-0.112
-0.112
-0.112
-0.112
-0.112
-0.116
-0.116
-0.112
-0.112
-0.112
-0.112
-0.108
-0.108
-0.112
-0.112
-0.112
-0.112
-0.116
-0.116
-0.112
-0.112
-0.116
-0.116
-0.112
-0.112
-0.112
-0.112
-0.108
-0.108
-0.108
-0.108
-0.108
-0.108
-0.112
-0.112
-0.108
-0.108
-0.112
-0.112
-0.112
-0.112
-0.112
-0.112
-0.112
-0.112
-0.116
-0.116
-0.116
-0.116
-0.12
-0.12
-0.12
-0.12
-0.12
-0.12
-0.12
-0.12
-0.12
-0.12
-0.12
-0.12
-0.12
-0.12
-0.12
-0.12
-0.12
-0.12
-0.12
-0.12
-0.116
-0.116
-0.116
-0.116
-0.116
-0.116
-0.116
-0.116
-0.116
-0.116
-0.12
-0.12
-0.12
-0.12
-0.12
-0.12
-0.12
-0.12
-0.116
-0.116
-0.116
-0.116
-0.112
-0.112
-0.108
-0.108
-0.104
-0.104
-0.108
-0.108
-0.104
-0.104
-0.108
-0.108
-0.112
-0.112
-0.116
-0.116
-0.116
-0.116
-0.12
-0.12
-0.12
-0.12
-0.12
-0.12
-0.12
-0.12
-0.12
-0.12
-0.12
-0.12
-0.116
-0.116
-0.112
-0.112
-0.112
-0.112
-0.112
-0.112
-0.108
-0.108
-0.112
-0.112
-0.116
-0.116
-0.112
-0.112
-0.108
-0.108
-0.108
-0.112
-0.108
-0.108
-0.108
-0.108
-0.108
-0.108
-0.112
-0.112
-0.116
-0.112
-0.116
-0.116
-0.112
-0.112
-0.112
-0.112
-0.112
-0.112
-0.108
-0.108
-0.108
-0.108
-0.112
-0.112
-0.116
-0.116
-0.116
-0.116
-0.12
-0.12
-0.116
-0.116
-0.116
-0.116
-0.116
-0.116
-0.116
-0.116
-0.116
-0.116
-0.12
-0.12
-0.116
-0.116
-0.116
-0.116
-0.116
-0.116
-0.116
-0.116
-0.116
-0.116
-0.12
-0.12
-0.12
-0.12
-0.12
-0.12
-0.12
-0.12
-0.12
-0.12
-0.12
-0.12
-0.12
-0.12
-0.116
-0.116
-0.116
-0.116
-0.112
-0.112
-0.112
-0.112
-0.112
-0.112
-0.112
-0.112
-0.108
-0.108
-0.112
-0.112
-0.112
-0.112
-0.112
-0.112
-0.116
-0.116
-0.116
-0.12
-0.116
-0.116
-0.116
-0.108
-0.116
-0.108
-0.12
-0.108
-0.124
-0.116
-0.128
-0.12
-0.132
-0.132
-0.132
-0.128
-0.124
-0.124
-0.124
-0.116
-0.116
-0.108
-0.104
-0.0960000000000001
-0.104
-0.108
-0.108
-0.108
-0.108
-0.116
-0.116
-0.12
-0.124
-0.128
-0.12
-0.112
-0.112
-0.116
-0.112
-0.104
-0.104
-0.112
-0.108
-0.112
-0.116
-0.12
-0.12
-0.12
-0.124
-0.124
-0.124
-0.116
-0.112
-0.112
-0.108
-0.108
-0.104
-0.1
-0.1
-0.104
-0.108
-0.104
-0.108
-0.104
-0.104
-0.104
-0.108
-0.108
-0.104
-0.1
-0.0960000000000001
-0.1
-0.104
-0.108
-0.108
-0.108
-0.108
-0.108
-0.108
-0.112
-0.116
-0.116
-0.116
-0.112
-0.116
-0.116
-0.12
-0.124
-0.124
-0.116
-0.112
-0.116
-0.112
-0.112
-0.104
-0.0760000000000001
-0.0360000000000001
0.0159999999999999
0.0719999999999999
0.132
0.2
0.284
0.372
0.468
0.56
0.644
0.724
0.808
0.884
0.96
1.04
1.112
1.18
1.248
1.32
1.38
1.448
1.508
1.564
1.62
1.68
1.74
1.8
1.852
1.904
1.956
2
2.04
2.096
2.136
2.164
2.184
2.18
2.136
2.012
1.892
1.768
1.648
1.516
1.404
1.288
1.188
1.108
1.076
1.116
1.156
1.204
1.252
1.296
1.344
1.404
1.464
1.532
1.604
1.684
1.772
1.86
1.948
2.06
2.156
2.248
2.344
2.44
2.532
2.632
2.72
2.812
2.904
2.98
3.06
3.144
3.216
3.284
3.348
3.404
3.464
3.512
3.552
3.596
3.64
3.676
3.712
3.74
3.764
3.792
3.808
3.824
3.848
3.86
3.876
3.888
3.892
3.904
3.92
3.928
3.932
3.936
3.94
3.948
3.948
3.952
3.96
3.964
3.964
3.956
3.96
3.968
3.968
3.968
3.968
3.968
3.968
3.972
3.964
3.976
3.976
3.976
3.972
3.972
3.976
3.976
3.972
3.964
3.972
3.964
3.968
3.968
3.972
3.972
3.964
3.964
3.964
3.968
3.968
3.972
3.972
3.968
3.968
3.968
3.972
3.972
3.968
3.968
3.968
3.968
3.964
3.968
3.968
3.968
3.968
3.964
3.972
3.976
3.976
3.976
3.98
3.98
3.972
3.968
3.964
3.964
3.956
3.952
3.952
3.952
3.948
3.948
3.952
3.956
3.96
3.964
3.968
3.968
3.968
3.968
3.972
3.968
3.972
3.968
3.964
3.956
3.96
3.96
3.96
3.96
3.96
3.964
3.964
3.968
3.972
3.98
3.98
3.976
3.968
3.968
3.968
3.968
3.968
3.96
3.96
3.96
3.956
3.96
3.968
3.968
3.964
3.964
3.964
3.968
3.964
3.956
3.956
3.956
3.956
3.956
3.952
3.952
3.952
3.948
3.944
3.948
3.944
3.948
3.948
3.948
3.956
3.956
3.956
3.96
3.964
3.968
3.968
3.964
3.956
3.952
3.944
3.944
3.944
3.948
3.944
3.944
3.952
3.952
3.96
3.964
3.972
3.972
3.972
3.968
3.976
3.976
3.972
3.964
3.96
3.96
3.956
3.952
3.948
3.952
3.944
3.944
3.948
3.948
3.952
3.952
3.956
3.964
3.968
3.968
3.968
3.968
3.964
3.976
3.976
3.976
3.972
3.96
3.956
3.956
3.956
3.956
3.96
3.956
3.956
3.956
3.96
3.968
3.972
3.972
3.98
3.98
3.976
3.976
3.972
3.968
3.964
3.956
3.952
3.948
3.948
3.944
3.948
3.94
3.936
3.82
3.668
3.492
3.296
3.08
2.836
2.588
2.328
2.064
1.796
1.628
1.492
1.372
1.264
1.172
1.1
1.036
0.972
0.916
0.864
0.824
0.78
0.752
0.724
0.7
0.676
0.648
0.632
0.616
0.6
0.58
0.572
0.556
0.544
0.536
0.528
0.524
0.516
0.512
0.5
0.496
0.488
0.484
0.48
0.468
0.46
0.456
0.448
0.44
0.436
0.432
0.428
0.42
0.412
0.408
0.404
0.4
0.396
0.392
0.392
0.388
0.384
0.376
0.368
0.368
0.368
0.364
0.356
0.348
0.34
0.332
0.324
0.324
0.324
0.32
0.312
0.304
0.3
0.292
0.292
0.292
0.288
0.284
0.28
0.272
0.272
0.268
0.264
0.264
0.256
0.248
0.244
0.244
0.244
0.24
0.232
0.228
0.228
0.228
0.228
0.232
0.232
0.228
0.228
0.228
0.228
0.228
0.228
0.224
0.224
0.22
0.216
0.216
0.208
0.208
0.208
0.2
0.196
0.192
0.184
0.184
0.184
0.18
0.172
0.168
0.16
0.16
0.156
0.16
0.16
0.152
0.152
0.148
0.148
0.144
0.144
0.14
0.14
0.136
0.14
0.14
0.136
0.136
0.14
0.136
0.136
0.132
0.132
0.128
0.12
0.116
0.108
0.104
0.104
0.124
0.16
0.236
0.316
0.392
0.464
0.536
0.608
0.672
0.732
0.772
0.792
0.776
0.748
0.724
0.704
0.68
0.66
0.644
0.624
0.608
0.588
0.568
0.552
0.536
0.52
0.508
0.496
0.476
0.46
0.444
0.428
0.42
0.408
0.396
0.38
0.368
0.344
0.336
0.328
0.324
0.316
0.3
0.28
0.268
0.26
0.244
0.24
0.228
0.216
0.2
0.188
0.184
0.184
0.176
0.164
0.16
0.156
0.148
0.14
0.132
0.124
0.112
0.0999999999999999
0.0959999999999999
0.0919999999999999
0.0879999999999999
0.0759999999999999
0.0679999999999999
0.0639999999999999
0.0599999999999999
0.0599999999999999
0.0599999999999999
0.0559999999999999
0.0439999999999999
0.0359999999999999
0.0239999999999999
0.0199999999999999
0.0199999999999999
0.0159999999999999
0.0119999999999999
-6.80011602582908e-17
-0.0120000000000001
-0.0160000000000001
-0.0160000000000001
-0.0120000000000001
-0.0120000000000001
-0.0160000000000001
-0.0200000000000001
-0.0320000000000001
-0.0400000000000001
-0.0400000000000001
-0.0360000000000001
-0.0480000000000001
-0.0480000000000001
-0.0560000000000001
-0.0600000000000001
-0.0600000000000001
-0.0640000000000001
-0.0680000000000001
-0.0720000000000001
-0.0720000000000001
-0.0800000000000001
-0.0760000000000001
-0.0840000000000001
-0.0880000000000001
-0.0920000000000001
-0.0960000000000001
-0.0960000000000001
-0.0960000000000001
-0.0960000000000001
-0.1
-0.1
-0.104
-0.104
-0.104
-0.104
-0.108
-0.116
-0.108
-0.104
-0.1
-0.1
-0.0960000000000001
-0.0960000000000001
-0.0960000000000001
-0.0960000000000001
-0.0920000000000001
-0.0880000000000001
-0.0960000000000001
-0.1
-0.108
-0.112
-0.12
-0.128
-0.128
-0.128
-0.132
-0.132
-0.132
-0.132
-0.128
-0.128
-0.12
-0.112
-0.116
-0.12
-0.12
-0.128
-0.124
-0.124
-0.132
-0.132
-0.132
-0.136
-0.136
-0.132
-0.132
-0.124
-0.124
-0.128
-0.124
-0.124
-0.128
-0.128
-0.124
-0.128
-0.124
-0.128
-0.128
-0.128
-0.128
-0.124
-0.12
-0.116
-0.12
-0.112
-0.112
-0.108
-0.108
-0.104
-0.1
-0.1
-0.104
-0.104
-0.1
-0.108
-0.108
-0.112
-0.112
-0.112
-0.116
-0.116
-0.116
-0.116
-0.124
-0.12
-0.12
-0.116
-0.116
-0.112
-0.108
-0.108
-0.108
-0.108
-0.1
-0.104
-0.108
-0.108
-0.108
-0.112
-0.116
-0.12
-0.12
-0.116
-0.116
-0.112
-0.112
-0.116
-0.12
-0.12
-0.116
-0.112
-0.108
-0.112
-0.112
-0.112
-0.112
-0.112
-0.108
-0.108
-0.112
-0.116
-0.116
-0.12
-0.12
-0.124
-0.12
-0.116
-0.116
-0.112
-0.108
-0.104
-0.104
-0.0960000000000001
-0.1
-0.1
-0.1
-0.104
-0.108
-0.112
-0.108
-0.108
-0.104
-0.112
-0.108
-0.104
-0.104
-0.0960000000000001
-0.0960000000000001
-0.0960000000000001
-0.104
-0.104
-0.104
-0.1
-0.108
-0.116
-0.116
-0.12
-0.12
-0.12
-0.116
-0.12
-0.128
-0.132
-0.128
-0.124
-0.128
-0.132
-0.132
-0.132
-0.136
-0.132
-0.128
-0.128
-0.128
-0.124
-0.124
-0.124
-0.12
-0.124
-0.128
-0.128
-0.132
-0.124
-0.124
-0.12
-0.116
-0.112
-0.116
-0.112
-0.104
-0.108
-0.108
-0.116
-0.116
-0.12
-0.12
-0.12
-0.12
-0.12
-0.116
-0.108
-0.108
-0.104
-0.1
-0.104
-0.108
-0.108
-0.104
-0.104
-0.108
-0.112
-0.108
-0.108
-0.112
-0.108
-0.1
-0.1
-0.104
-0.104
-0.108
-0.108
-0.108
-0.108
-0.104
-0.108
-0.112
-0.108
-0.104
-0.104
-0.1
-0.1
-0.104
-0.108
-0.108
-0.108
-0.112
-0.12
-0.128
-0.132
-0.128
-0.132
-0.132
-0.136
-0.136
-0.132
-0.128
-0.124
-0.12
-0.116
-0.12
-0.116
-0.116
-0.112
-0.116
-0.12
-0.124
-0.128
-0.124
-0.124
-0.12
-0.12
-0.116
-0.116
-0.116
-0.112
-0.108
-0.104
-0.104
-0.104
-0.112
-0.116
-0.12
-0.12
-0.116
-0.12
-0.124
-0.124
-0.124
-0.124
-0.124
-0.12
-0.112
-0.108
-0.112
-0.104
-0.104
-0.108
-0.108
-0.108
-0.108
-0.112
-0.116
-0.116
-0.112
-0.12
-0.116
-0.112
-0.112
-0.116
-0.112
-0.116
-0.12
-0.116
-0.12
-0.116
-0.116
-0.116
-0.12
-0.116
-0.116
-0.108
-0.104
-0.112
-0.108
-0.112
-0.116
-0.124
-0.12
-0.124
-0.124
-0.12
-0.12
-0.116
-0.112
-0.108
-0.104
-0.0960000000000001
-0.1
-0.1
-0.1
-0.112
-0.112
-0.116
-0.12
-0.12
-0.12
-0.12
-0.12
-0.112
-0.116
-0.112
-0.116
-0.112
-0.112
-0.112
-0.112
-0.112
-0.116
-0.12
-0.116
-0.112
-0.112
-0.112
-0.108
-0.108
-0.112
-0.116
-0.108
-0.108
-0.116
-0.116
-0.116
-0.116
-0.128
-0.132
-0.132
-0.128
-0.136
-0.14
-0.136
-0.136
-0.128
-0.132
-0.124
-0.12
-0.116
-0.116
-0.108
-0.104
-0.1
-0.0960000000000001
-0.104
-0.104
-0.1
-0.1
-0.104
-0.104
-0.104
-0.1
-0.0960000000000001
-0.0960000000000001
-0.0880000000000001
-0.0840000000000001
-0.0880000000000001
-0.0880000000000001
-0.0840000000000001
-0.0840000000000001
-0.0880000000000001
-0.0960000000000001
-0.1
-0.108
-0.116
-0.116
-0.116
-0.116
-0.116
-0.116
-0.116
-0.108
-0.108
-0.104
-0.1
-0.104
-0.104
-0.108
-0.108
-0.108
-0.112
-0.116
-0.116
-0.12
-0.12
-0.116
-0.116
-0.12
-0.12
-0.12
-0.112
-0.112
-0.116
-0.112
-0.108
-0.112
-0.104
-0.0760000000000001
-0.0440000000000001
-0.00400000000000007
0.0479999999999999
0.104
0.18
0.26
0.34
0.436
0.528
0.62
0.708
0.792
0.876
0.96
1.028
1.1
1.172
1.24
1.308
1.364
1.428
1.488
1.54
1.6
1.656
1.708
1.764
1.824
1.876
1.932
1.976
2.024
2.072
2.108
2.152
2.18
2.188
2.16
2.06
1.932
1.804
1.684
1.56
1.444
1.328
1.22
1.128
1.072
1.092
1.144
1.196
1.24
1.288
1.34
1.392
1.448
1.512
1.584
1.66
1.744
1.828
1.916
2.012
2.108
2.208
2.312
2.412
2.504
2.596
2.684
2.78
2.876
2.964
3.044
3.12
3.196
3.268
3.336
3.396
3.456
3.504
3.548
3.588
3.632
3.668
3.7
3.728
3.764
3.796
3.816
3.828
3.844
3.86
3.868
3.884
3.892
3.904
3.908
3.912
3.92
3.936
3.944
3.952
3.956
3.956
3.964
3.968
3.968
3.972
3.972
3.972
3.972
3.972
3.976
3.98
3.98
3.98
3.98
3.98
3.972
3.972
3.968
3.968
3.968
3.968
3.968
3.968
3.968
3.972
3.98
3.984
3.988
3.988
3.984
3.984
3.984
3.984
3.98
3.976
3.976
3.972
3.968
3.968
3.972
3.972
3.964
3.96
3.96
3.96
3.96
3.96
3.964
3.964
3.968
3.968
3.976
3.98
3.976
3.976
3.972
3.972
3.972
3.972
3.968
3.968
3.964
3.964
3.976
3.976
3.98
3.98
3.98
3.98
3.972
3.972
3.976
3.972
3.968
3.968
3.968
3.968
3.968
3.968
3.972
3.972
3.968
3.972
3.968
3.968
3.96
3.956
3.956
3.956
3.96
3.956
3.956
3.956
3.96
3.96
3.968
3.972
3.972
3.972
3.972
3.976
3.98
3.98
3.98
3.976
3.976
3.976
3.968
3.972
3.964
3.968
3.968
3.968
3.964
3.964
3.964
3.96
3.968
3.964
3.972
3.968
3.968
3.968
3.968
3.972
3.972
3.976
3.972
3.968
3.96
3.96
3.952
3.952
3.952
3.952
3.944
3.936
3.94
3.944
3.952
3.952
3.96
3.96
3.964
3.956
3.964
3.972
3.968
3.968
3.964
3.964
3.964
3.956
3.956
3.956
3.956
3.956
3.96
3.96
3.964
3.964
3.96
3.968
3.972
3.98
3.98
3.976
3.968
3.964
3.964
3.96
3.956
3.956
3.948
3.948
3.944
3.948
3.956
3.96
3.952
3.956
3.964
3.964
3.968
3.968
3.972
3.972
3.968
3.968
3.976
3.972
3.972
3.964
3.96
3.96
3.956
3.952
3.952
3.944
3.944
3.948
3.948
3.956
3.96
3.952
3.952
3.956
3.956
3.964
3.964
3.964
3.964
3.964
3.964
3.968
3.972
3.972
3.968
3.968
3.968
3.96
3.956
3.948
3.912
3.84
3.68
3.496
3.296
3.072
2.832
2.588
2.328
2.06
1.816
1.608
1.476
1.36
1.26
1.176
1.096
1.028
0.976
0.928
0.876
0.828
0.788
0.752
0.72
0.688
0.664
0.644
0.616
0.6
0.592
0.576
0.56
0.548
0.54
0.536
0.532
0.524
0.52
0.512
0.504
0.496
0.492
0.484
0.476
0.464
0.46
0.452
0.44
0.428
0.42
0.416
0.412
0.408
0.404
0.4
0.388
0.392
0.384
0.384
0.38
0.38
0.376
0.368
0.36
0.356
0.36
0.348
0.348
0.34
0.336
0.332
0.324
0.324
0.328
0.332
0.324
0.324
0.324
0.324
0.32
0.312
0.308
0.304
0.296
0.284
0.284
0.276
0.272
0.268
0.268
0.268
0.26
0.264
0.26
0.256
0.248
0.244
0.24
0.232
0.22
0.212
0.216
0.208
0.208
0.212
0.212
0.208
0.204
0.204
0.208
0.208
0.2
0.196
0.188
0.18
0.172
0.176
0.172
0.172
0.164
0.16
0.164
0.16
0.16
0.156
0.164
0.16
0.164
0.164
0.164
0.164
0.16
0.16
0.16
0.16
0.152
0.148
0.144
0.14
0.14
0.14
0.136
0.132
0.132
0.132
0.132
0.132
0.132
0.128
0.128
0.124
0.124
0.128
0.128
0.136
0.16
0.208
0.284
0.364
0.432
0.504
0.576
0.64
0.7
0.752
0.788
0.788
0.76
0.732
0.712
0.692
0.668
0.648
0.632
0.608
0.584
0.568
0.552
0.536
0.516
0.496
0.484
0.468
0.452
0.44
0.428
0.42
0.408
0.396
0.384
0.376
0.364
0.356
0.34
0.328
0.316
0.3
0.292
0.284
0.276
0.264
0.252
0.236
0.228
0.22
0.212
0.204
0.196
0.18
0.172
0.164
0.156
0.152
0.148
0.14
0.132
0.128
0.116
0.116
0.108
0.1
0.088
0.076
0.068
0.064
0.06
0.052
0.052
0.048
0.048
0.04
0.04
0.036
0.028
0.02
0.00799999999999997
0.00399999999999997
-0.00800000000000003
-0.016
-0.024
-0.024
-0.028
-0.028
-0.024
-0.028
-0.024
-0.024
-0.024
-0.024
-0.032
-0.036
-0.044
-0.052
-0.06
-0.06
-0.068
-0.08
-0.084
-0.088
-0.084
-0.088
-0.084
-0.084
-0.088
-0.088
-0.084
-0.08
-0.088
-0.088
-0.092
-0.096
-0.1
-0.1
-0.096
-0.1
-0.108
-0.112
-0.104
-0.108
-0.108
-0.104
-0.104
-0.108
-0.112
-0.112
-0.108
-0.104
-0.104
-0.108
-0.108
-0.108
-0.108
-0.108
-0.108
-0.108
-0.108
-0.104
-0.104
-0.104
-0.104
-0.108
-0.112
-0.108
-0.112
-0.108
-0.108
-0.116
-0.116
-0.116
-0.12
-0.12
-0.12
-0.124
-0.12
-0.128
-0.128
-0.124
-0.128
-0.12
-0.12
-0.116
-0.112
-0.104
-0.1
-0.1
-0.1
-0.104
-0.104
-0.108
-0.104
-0.104
-0.104
-0.108
-0.112
-0.108
-0.112
-0.108
-0.104
-0.1
-0.104
-0.104
-0.1
-0.1
-0.1
-0.1
-0.104
-0.108
-0.108
-0.112
-0.112
-0.112
-0.12
-0.124
-0.124
-0.124
-0.12
-0.116
-0.112
-0.112
-0.108
-0.104
-0.1
-0.096
-0.096
-0.1
-0.096
-0.096
-0.1
-0.1
-0.1
-0.112
-0.116
-0.116
-0.124
-0.124
-0.128
-0.128
-0.128
-0.128
-0.128
-0.116
-0.108
-0.112
-0.108
-0.104
-0.104
-0.1
-0.104
-0.104
-0.108
-0.112
-0.116
-0.12
-0.116
-0.116
-0.112
-0.112
-0.108
-0.108
-0.104
-0.1
-0.1
-0.096
-0.096
-0.092
-0.1
-0.104
-0.108
-0.112
-0.116
-0.12
-0.12
-0.116
-0.116
-0.12
-0.112
-0.112
-0.108
-0.104
-0.104
-0.104
-0.104
-0.104
-0.104
-0.104
-0.104
-0.112
-0.112
-0.116
-0.112
-0.112
-0.112
-0.108
-0.108
-0.108
-0.112
-0.104
-0.1
-0.096
-0.104
-0.1
-0.1
-0.104
-0.108
-0.104
-0.104
-0.108
-0.112
-0.116
-0.108
-0.12
-0.124
-0.124
-0.116
-0.12
-0.112
-0.108
-0.112
-0.1
-0.1
-0.092
-0.092
-0.092
-0.096
-0.092
-0.092
-0.096
-0.096
-0.108
-0.108
-0.112
-0.108
-0.108
-0.112
-0.12
-0.12
-0.116
-0.112
-0.104
-0.108
-0.108
-0.108
-0.108
-0.108
-0.104
-0.108
-0.112
-0.112
-0.12
-0.116
-0.112
-0.112
-0.108
-0.1
-0.1
-0.1
-0.1
-0.1
-0.1
-0.1
-0.104
-0.104
-0.108
-0.112
-0.108
-0.108
-0.108
-0.112
-0.112
-0.112
-0.112
-0.112
-0.112
-0.112
-0.12
-0.12
-0.112
-0.108
-0.108
-0.108
-0.104
-0.108
-0.112
-0.112
-0.108
-0.108
-0.112
-0.112
-0.108
-0.108
-0.112
-0.108
-0.104
-0.104
-0.108
-0.1
-0.096
-0.1
-0.104
-0.104
-0.104
-0.104
-0.104
-0.104
-0.1
-0.108
-0.116
-0.12
-0.112
-0.12
-0.116
-0.12
-0.12
-0.12
-0.116
-0.12
-0.12
-0.116
-0.12
-0.112
-0.108
-0.104
-0.104
-0.104
-0.104
-0.104
-0.104
-0.1
-0.1
-0.1
-0.108
-0.104
-0.108
-0.108
-0.112
-0.104
-0.1
-0.104
-0.108
-0.108
-0.112
-0.112
-0.112
-0.108
-0.112
-0.112
-0.112
-0.116
-0.112
-0.116
-0.112
-0.116
-0.116
-0.12
-0.116
-0.12
-0.12
-0.116
-0.116
-0.112
-0.104
-0.104
-0.1
-0.104
-0.104
-0.1
-0.1
-0.1
-0.1
-0.104
-0.112
-0.112
-0.116
-0.116
-0.112
-0.116
-0.12
-0.116
-0.12
-0.112
-0.108
-0.108
-0.104
-0.104
-0.108
-0.108
-0.104
-0.104
-0.096
-0.1
-0.096
-0.096
-0.096
-0.092
-0.092
-0.092
-0.092
-0.092
-0.096
-0.096
-0.1
-0.104
-0.108
-0.104
-0.108
-0.108
-0.112
-0.116
-0.116
-0.116
-0.116
-0.112
-0.112
-0.12
-0.12
-0.12
-0.116
-0.116
-0.12
-0.124
-0.128
-0.132
-0.132
-0.128
-0.124
-0.124
-0.12
-0.116
-0.112
-0.108
-0.1
-0.076
-0.02
0.056
0.152
0.272
0.408
0.572
0.752
0.944
1.156
1.36
1.552
1.732
1.904
2.06
2.212
2.344
2.468
2.588
2.696
2.796
2.888
2.972
3.052
3.136
3.204
3.268
3.328
3.392
3.444
3.5
3.548
3.596
3.636
3.668
3.704
3.74
3.776
3.8
3.832
3.86
3.884
3.904
3.924
3.944
3.964
3.984
4.004
4.024
4.036
4.052
4.068
4.084
4.096
4.104
4.116
4.124
4.132
4.136
4.14
4.144
4.148
4.152
4.16
4.168
4.172
4.18
4.18
4.188
4.192
4.196
4.204
4.208
4.208
4.208
4.208
4.212
4.216
4.22
4.228
4.228
4.228
4.232
4.24
4.244
4.248
4.248
4.252
4.252
4.252
4.256
4.252
4.252
4.252
4.256
4.252
4.256
4.26
4.26
4.256
4.26
4.264
4.264
4.264
4.264
4.268
4.264
4.256
4.256
4.26
4.248
4.252
4.256
4.256
4.252
4.252
4.252
4.256
4.256
4.26
4.268
4.256
4.248
4.248
4.252
4.248
4.248
4.248
4.244
4.236
4.236
4.248
4.248
4.252
4.252
4.252
4.252
4.256
4.26
4.26
4.26
4.256
4.26
4.26
4.256
4.256
4.256
4.252
4.248
4.252
4.252
4.252
4.252
4.248
4.252
4.252
4.248
4.244
4.244
4.244
4.236
4.24
4.232
4.232
4.228
4.224
4.228
4.228
4.228
4.224
4.224
4.212
4.212
4.2
4.192
4.188
4.168
4.152
4.132
4.112
4.092
4.068
4.028
3.984
3.912
3.816
3.668
3.412
3.076
2.756
2.456
2.164
1.892
1.612
1.352
1.116
0.944
0.884
0.916
0.936
0.94
0.94
0.952
0.976
1.016
1.06
1.1
1.136
1.18
1.22
1.264
1.316
1.36
1.416
1.468
1.528
1.6
1.684
1.764
1.852
1.948
2.048
2.148
2.252
2.36
2.464
2.564
2.668
2.772
2.876
2.976
3.072
3.164
3.252
3.34
3.428
3.512
3.592
3.656
3.72
3.776
3.824
3.876
3.916
3.96
3.996
4.028
4.052
4.084
4.108
4.132
4.156
4.172
4.196
4.204
4.216
4.228
4.232
4.236
4.236
4.236
4.24
4.244
4.244
4.248
4.252
4.256
4.26
4.26
4.264
4.268
4.272
4.272
4.272
4.276
4.268
4.264
4.268
4.268
4.268
4.272
4.272
4.276
4.276
4.28
4.284
4.288
4.284
4.284
4.284
4.236
4.144
3.948
3.736
3.5
3.248
2.976
2.692
2.404
2.104
1.836
1.608
1.48
1.36
1.256
1.164
1.096
1.032
0.968
0.916
0.872
0.828
0.784
0.752
0.716
0.692
0.66
0.632
0.612
0.592
0.576
0.564
0.552
0.54
0.536
0.52
0.504
0.504
0.496
0.484
0.472
0.46
0.452
0.444
0.432
0.432
0.428
0.416
0.412
0.412
0.412
0.408
0.4
0.396
0.392
0.388
0.384
0.384
0.38
0.372
0.364
0.364
0.364
0.364
0.356
0.348
0.352
0.344
0.332
0.328
0.324
0.32
0.316
0.304
0.308
0.304
0.292
0.292
0.292
0.284
0.28
0.28
0.272
0.276
0.272
0.272
0.272
0.268
0.268
0.268
0.264
0.256
0.256
0.252
0.244
0.24
0.24
0.24
0.236
0.236
0.236
0.232
0.232
0.228
0.232
0.232
0.224
0.22
0.22
0.22
0.22
0.216
0.216
0.212
0.204
0.204
0.208
0.208
0.208
0.204
0.204
0.204
0.204
0.208
0.212
0.212
0.208
0.208
0.208
0.212
0.212
0.216
0.216
0.216
0.208
0.208
0.212
0.204
0.2
0.196
0.192
0.192
0.192
0.192
0.2
0.216
0.256
0.332
0.416
0.488
0.564
0.624
0.688
0.748
0.804
0.844
0.856
0.84
0.808
0.792
0.76
0.736
0.712
0.688
0.668
0.652
0.632
0.612
0.6
0.58
0.568
0.56
0.544
0.532
0.52
0.5
0.484
0.472
0.456
0.44
0.424
0.412
0.4
0.384
0.372
0.36
0.348
0.336
0.32
0.308
0.3
0.284
0.276
0.268
0.256
0.244
0.236
0.228
0.22
0.212
0.2
0.192
0.18
0.172
0.168
0.164
0.156
0.148
0.144
0.14
0.136
0.128
0.12
0.116
0.108
0.1
0.1
0.088
0.08
0.068
0.06
0.056
0.052
0.04
0.032
0.028
0.012
0.012
0.00400000000000001
1.2490009027033e-17
-0.00399999999999999
-0.012
-0.016
-0.02
-0.024
-0.028
-0.024
-0.028
-0.028
-0.036
-0.036
-0.032
-0.032
-0.028
-0.032
-0.036
-0.04
-0.044
-0.048
-0.044
-0.056
-0.06
-0.068
-0.076
-0.076
-0.084
-0.088
-0.096
-0.096
-0.104
-0.104
-0.108
-0.108
-0.108
-0.12
-0.12
-0.124
-0.12
-0.124
-0.124
-0.12
-0.12
-0.124
-0.124
-0.116
-0.116
-0.112
-0.116
-0.116
-0.116
-0.116
-0.12
-0.116
-0.112
-0.112
-0.112
-0.112
-0.112
-0.112
-0.112
-0.112
-0.112
-0.116
-0.12
-0.124
-0.12
-0.124
-0.12
-0.124
-0.12
-0.12
-0.116
-0.116
-0.12
-0.112
-0.112
-0.112
-0.124
-0.124
-0.128
-0.132
-0.136
-0.136
-0.136
-0.14
-0.14
-0.14
-0.132
-0.132
-0.132
-0.128
-0.124
-0.12
-0.116
-0.12
-0.12
-0.12
-0.12
-0.12
-0.116
-0.12
-0.124
-0.12
-0.124
-0.124
-0.124
-0.12
-0.12
-0.116
-0.116
-0.112
-0.108
-0.116
-0.116
-0.116
-0.12
-0.124
-0.12
-0.124
-0.128
-0.124
-0.12
-0.116
-0.112
-0.104
-0.1
-0.092
-0.096
-0.092
-0.088
-0.092
-0.1
-0.104
-0.104
-0.108
-0.108
-0.112
-0.112
-0.112
-0.116
-0.116
-0.116
-0.108
-0.112
-0.116
-0.12
-0.12
-0.12
-0.12
-0.12
-0.124
-0.116
-0.12
-0.116
-0.116
-0.112
-0.116
-0.116
-0.12
-0.12
-0.116
-0.124
-0.124
-0.128
-0.124
-0.124
-0.12
-0.116
-0.116
-0.112
-0.116
-0.108
-0.104
-0.092
-0.092
-0.088
-0.088
-0.088
-0.084
-0.088
-0.08
-0.088
-0.092
-0.1
-0.1
-0.112
-0.116
-0.12
-0.124
-0.12
-0.128
-0.124
-0.128
-0.128
-0.128
-0.116
-0.112
-0.108
-0.104
-0.104
-0.1
-0.096
-0.096
-0.1
-0.096
-0.1
-0.104
-0.104
-0.104
-0.108
-0.104
-0.108
-0.104
-0.1
-0.104
-0.112
-0.112
-0.112
-0.116
-0.116
-0.12
-0.124
-0.128
-0.132
-0.136
-0.128
-0.124
-0.124
-0.124
-0.12
-0.12
-0.12
-0.116
-0.112
-0.112
-0.112
-0.116
-0.116
-0.116
-0.116
-0.12
-0.116
-0.112
-0.116
-0.116
-0.112
-0.112
-0.112
-0.116
-0.116
-0.112
-0.116
-0.12
-0.116
-0.116
-0.124
-0.124
-0.124
-0.116
-0.116
-0.116
-0.108
-0.112
-0.112
-0.108
-0.108
-0.104
-0.108
-0.112
-0.116
-0.12
-0.12
-0.116
-0.116
-0.12
-0.116
-0.12
-0.116
-0.112
-0.108
-0.108
-0.112
-0.112
-0.112
-0.108
-0.108
-0.1
-0.096
-0.1
-0.1
-0.1
-0.1
-0.1
-0.104
-0.104
-0.104
-0.112
-0.116
-0.112
-0.112
-0.108
-0.112
-0.112
-0.112
-0.116
-0.116
-0.112
-0.116
-0.12
-0.12
-0.124
-0.12
-0.12
-0.12
-0.116
-0.116
-0.12
-0.116
-0.112
-0.12
-0.124
-0.124
-0.124
-0.116
-0.12
-0.12
-0.116
-0.12
-0.12
-0.112
-0.104
-0.108
-0.108
-0.116
-0.112
-0.112
-0.112
-0.112
-0.112
-0.116
-0.116
-0.112
-0.112
-0.112
-0.116
-0.12
-0.124
-0.124
-0.128
-0.124
-0.12
-0.124
-0.124
-0.12
-0.116
-0.116
-0.116
-0.112
-0.112
-0.112
-0.12
-0.12
-0.116
-0.12
-0.124
-0.128
-0.128
-0.124
-0.124
-0.128
-0.12
-0.116
-0.12
-0.116
-0.116
-0.108
-0.104
-0.108
-0.104