0.8091479800
0.7710442200
0.7408190800
0.7072766300
0.7279987900
0.6626212700
0.6875730900
0.7136464400
0.7216598800
0.6591012600
0.6723698400
0.7111287500
0.7120098500
0.6724481400
0.7159383100
0.6997640300
0.7072367300
0.8423227000
0.8060653200
0.9212265500
0.8937102300
0.8751968800
0.9009857200
0.9046929700
0.8683834200
1.1559092000
0.7206475100
0.2011783200
-0.3312945000
-0.7938826400
-1.2022571000
-1.4344837000
-1.5434559000
-1.6463457000
-1.7054860000
-1.9957057000
-1.3268940000
-0.6715012900
-0.2471378300
0.1654528600
0.5099527400
0.6444092200
0.8074508400
0.8004212100
0.8225675700
1.0379679000
0.6528817800
0.1079289700
-0.4147387400
-0.9594769400
-1.2029893000
-1.3768884000
-1.5187331000
-1.6210955000
-1.6765927000
-1.8433439000
-1.7217822000
-1.5782445000
-1.4731588000
-1.3735514000
-1.3018486000
-1.2399624000
-1.1703611000
-1.1721669000
-1.1236427000
-0.9227921400
-0.9582118500
-1.0856731000
-1.2218993000
-1.2284906000
-1.2710111000
-1.3784958000
-1.3844509000
-1.4082707000
-1.4536018000
-1.4659337000
-0.8446320000
-0.3771717700
-0.0116243320
0.3147307100
0.5256351600
0.6181601400
0.7433697400
0.8960680700
0.8977224100
0.9319924000
0.9320688100
0.9229610600
0.8749358200
0.8645722300
0.7994452900
0.7693961700
0.7758333700
0.7455518600
0.8180523600
0.5316259600
0.6188571400
0.8491154100
0.9085366700
0.9813669900
1.0277234000
0.9439551700
0.9186429300
0.9003856900
0.8573602800
1.0747911000
0.6212390500
0.0733178960
-0.4308812900
-0.9329968000
-1.4111194000
-1.5721420000
-1.6492691000
-1.7077815000
-1.7447691000
-1.9493169000
-1.2981493000
-0.5071969500
-0.0586224960
0.2843912000
0.5511587100
0.5517151400
0.6439485200
0.8033445500
0.7752335100
1.0654532000
0.6946099600
0.1461566900
-0.3776700200
-0.7723505400
-1.0337591000
-1.2280893000
-1.3953087000
-1.4923747000
-1.5390683000
-1.7397369000
-1.6789287000
-1.5101535000
-1.3855304000
-1.3033443000
-1.2222905000
-1.2101987000
-1.1320518000
-1.1390855000
-1.0953738000
-0.8276869000
-0.3582320300
-0.0258451720
0.2129355500
0.4278655300
0.5043542100
0.5991601700
0.7709249600
0.9040146800
0.9534000700
1.0304155000
1.0556445000
1.1509428000
1.1836100000
1.1454650000
1.0930192000
1.1207315000
1.0561866000
1.0597118000
0.9496310700
0.8902510300
0.4844122500
-0.0137907210
-0.4398498700
-0.9076540900
-1.3853599000
-1.7123984000
-1.8334265000
-1.9627992000
-1.9525270000
-2.3312005000
-1.5609180000
-0.8611904600
-0.3587159200
0.0212110970
0.4192289400
0.5799393700
0.6537084800
0.6193998300
0.6019129400
0.7863582600
0.2640332900
-0.0188124420
-0.3697219200
-0.5750581100
-0.7121253400
-0.8916636700
-1.0070694000
-1.0890478000
-1.1850092000
-4.6879107000
-0.7570256700
-0.4627643200
-0.1403133100
0.0478817780
0.2338161000
0.2980881200
0.4628425600
0.5279364300
0.5620225300
0.6419450100
0.6839650200
0.9270585000
1.0049156000
0.9879960200
1.0529536000
1.0562515000
1.1590125000
1.1508774000
1.1226100000
1.0972080000
1.0031816000
1.0998690000
1.0533714000
1.0215533000
0.9906566000
0.9513081500
0.9266671500
0.8718720900
0.8798017500
1.1490304000
0.6877894800
0.1755781800
-0.3552369300
-0.8798566300
-1.3108880000
-1.4755727000
-1.6059116000
-1.6932835000
-1.6821830000
-1.8479442000
-1.2090558000
-0.5404090200
0.0062787429
0.2425414500
0.2894569000
0.3257813200
0.4844327000
0.5141065800
0.6084420200
0.8309525300
0.8958461500
1.0301990000
1.1151732000
1.1078601000
1.1899809000
1.1990919000
1.1818844000
1.1687472000
1.0959849000
1.0208997000
1.0070940000
1.0088772000
0.9046584700
0.8949228100
0.8431955100
0.7708764400
0.7913328900
0.7543457600
0.6652545500
0.6678817200
0.6815760600
0.6621229700
0.5589236100
0.5999740100
0.5770634000
0.5369170500
0.5240664300
0.5514752700
0.4920271100
0.2263026900
0.3857111200
0.4517985900
0.6592254600
0.7173148100
0.7511207300
0.8104897000
0.9389163600
0.8839450200
0.9454572500
0.8592357800
0.7306066500
0.7852731200
0.7171129700
0.7350065500
0.7217299600
0.6756323000
0.7294052300
0.6964370700
0.7075900500
0.7168653000
0.3285380600
-0.0195479230
-0.3577078400
-0.7087991000
-0.9891820200
-1.1341283000
-1.2023545000
-1.3133442000
-1.3476057000
-1.4096051000
-1.4360845000
-1.3358950000
-1.3420208000
-1.2561745000
-1.2188344000
-1.2119867000
-1.1887703000
-1.1753052000
-1.1690383000
-0.9042129500
-0.9543754100
-0.9878743100
-1.0602283000
-1.0853316000
-1.1603178000
-1.1885182000
-1.2074733000
-1.2078668000
-1.2675520000
-1.4767770000
-0.8300089500
-0.2641843800
0.2267619000
0.3177081700
0.4034471700
0.4924053500
0.5778677800
0.6291955400
0.6808268500
0.9327998400
0.9870303000
1.0411423000
1.1152354000
1.1803049000
1.1982592000
1.2040317000
1.2442225000
1.1355719000
1.0937641000
1.1184376000
1.0892704000
0.9771700200
0.8794809400
0.8467299200
0.7811061600
0.7256075700
0.7077250500
0.7393681000
0.7985238800
0.7972567600
0.3223172600
-0.1796662100
-0.6966026800
-1.1507203000
-1.3483205000
-1.5354816000
-1.6033177000
-1.6884942000
-1.7110815000
-1.7411408000
-1.1951158000
-0.6188277000
-0.1897374400
0.0907837090
0.3525638000
0.5338097600
0.6299884400
0.7225369900
0.8565537800
0.6587398400
0.6846220100
0.8808970800
0.9882739600
0.9909736500
1.0710699000
1.0564931000
1.0822114000
1.0124374000
0.9167221800
0.9127695000
0.8595657300
0.8489865100
0.8172150800
0.8173234100
0.8163493700
0.7907665600
0.8118858000
0.8178601600
0.7568386200
0.7856589500
0.8006294900
0.6659328900
0.6515426800
0.6049718200
0.5816368800
0.6014499100
0.5946570000
0.5738666000
0.6242729700
0.8027488500
0.3713504700
-0.0876221020
-0.5331859400
-0.7814728000
-0.9974220900
-1.2050455000
-1.3534884000
-1.4247498000
-1.5090235000
-1.8148772000
-1.1264818000
-0.5685664400
-0.1039686000
0.3293686200
0.6321409600
0.7593085100
0.7816570300
0.8272455600
0.8349516300
0.8940147200
0.5092657700
0.1097594900
-0.2209645000
-0.6153459100
-0.8330394800
-0.9262902000
-1.0527867000
-1.1390482000
-1.2277385000
-1.0631333000
-0.6415416400
-0.3240798000
0.0509402190
0.3585254200
0.6021112100
0.7695865400
0.9198976800
1.0005258000
1.0507583000
1.1357163000
0.6005471500
0.1447308800
-0.3012325500
-0.7422648400
-1.0868717000
-1.2806850000
-1.3903608000
-1.5668223000
-1.6404515000
-1.6461686000
-1.1484922000
-0.7070685500
-0.2727844500
0.0080535509
0.2166709200
0.4452917100
0.5694305000
0.6084966900
0.7152126100
0.5241276900
0.1519533200
-0.1423862900
-0.4696007400
-0.8350905400
-1.0755659000
-1.2257882000
-1.2757311000
-1.2767580000
-1.3101078000
-1.0421667000
-0.5428489000
-0.1342879500
0.1498338900
0.4144204400
0.6001709900
0.7396966300
0.8711179300
0.9623154100
0.9880714000
0.8447754500
0.9374423900
0.9801948000
0.8647753300
0.8386501500
0.8288137300
0.7823328300
0.7367032200
0.7597240900
0.7202832300
0.7168903500
0.7334270000
0.8412454700
0.8478908100
0.8722580800
0.9198349200
0.9139622100
0.8811767100
0.9095025900
0.8729084900
1.1448112000
1.1015027000
1.0143765000
1.0058295000
0.9640079000
0.9652591400
0.9360192800
0.9703309200
0.9627141200
0.9502750700
0.7259903300
0.2656603500
0.0544141820
-0.3035924800
-0.6267272700
-0.8846984100
-1.1150637000
-1.0773546000
-1.1521093000
-1.1903290000
-0.9554854100
-1.0831734000
-1.1870251000
-1.2609076000
-1.3328603000
-1.4058822000
-1.4156781000
-1.4409121000
-1.4488814000
-1.4604123000
-1.6545290000
-0.9832584200
-0.3517445800
0.1234253000
0.3292310800
0.3576442200
0.4329496300
0.5459432700
0.6305287100
0.6387904600
0.9202667600
0.4879873800
0.0778399170
-0.2670290400
-0.5652533400
-0.8214551100
-0.9568045800
-1.1232669000
-1.2727792000
-1.3545177000
-1.3961183000
-0.9006304600
-0.4915098900
-0.1413984600
0.0836866480
0.3709838100
0.5269730100
0.6987792300
0.8197837300
0.9410974000
0.9624673600
0.4735311600
-0.0086499663
-0.5058419300
-0.8404109100
-1.0552106000
-1.2430295000
-1.3433805000
-1.4399381000
-1.5053509000
-1.5492493000
-1.0279647000
-0.4964596700
-0.0284235700
0.2338409900
0.3977439200
0.6982004200
0.7719020300
0.8166305500
0.8513767300
0.9348928100
0.4911217600
-0.0004242285
-0.4496079500
-0.9030204700
-1.3135873000
-1.5017585000
-1.6353868000
-1.7423466000
-1.8132317000
-2.0304352000
-1.4438620000
-0.8411052600
-0.2603284700
0.1124480600
0.4259250600
0.7110572900
0.7452260900
0.6643644400
0.7116725600
0.6828664700
0.7219738400
0.7394892400
0.7631821800
0.7603080800
0.7820307400
0.7753051200
0.7713321600
0.7997858200
0.8138441900
0.7682209500
0.3505371500
0.0434609190
-0.2496736200
-0.4675339800
-0.6440731900
-0.7760141900
-0.8664248000
-0.9323803600
-0.9973583600
-0.8094902800
-0.9324426900
-1.0768389000
-1.1806985000
-1.2594944000
-1.3298571000
-1.3430301000
-1.3544151000
-1.2762990000
-1.2513633000
-1.2834142000
-1.3143283000
-1.2912073000
-1.1768955000
-1.2158317000
-1.2186439000
-1.1987426000
-1.2458136000
-1.2533133000
-1.2495220000
-1.3296233000
-1.3254589000
-1.3064100000
-1.3885011000
-1.4108503000
-1.3763635000
-1.4098743000
-1.4862893000
-1.4682640000
-1.4845023000
-1.5024904000
-0.9109383800
-0.4371631200
-0.0825272170
0.1849394500
0.4108075600
0.5495974800
0.7008196400
0.8183211800
0.9529622300
0.7636563500
0.8117550500
1.1051164000
1.2068565000
1.1473100000
1.1038743000
1.0799803000
1.0153034000
1.0453418000
0.9638433600
0.9619063100
0.5806962000
0.2713652300
-0.1369606200
-0.4484658000
-0.7654814900
-1.0812585000
-1.2898395000
-1.3097636000
-1.2879550000
-1.0596286000
-0.5716779600
-0.2588374700
0.0117130170
0.1941188600
0.3388835900
0.5126695000
0.7083822500
0.7879740000
0.9019958700
0.9846684500
0.5670560500
0.0844186880
-0.3132343400
-0.6399246000
-0.8928977400
-1.0685574000
-1.2144596000
-1.3314879000
-1.3479225000
-1.3913206000
-1.4269964000
-1.4717547000
-1.4655721000
-1.4794242000
-1.4792847000
-1.4787634000
-1.4717190000
-1.4378225000
-1.4024275000
-1.3743780000
-0.8092695800
-0.2983820800
0.1002183100
0.3818937500
0.6488025200
0.8326689000
0.9697325400
1.0468266000
1.1096099000
0.9200967000
0.5249206100
0.2298685600
-0.1734351800
-0.4782380600
-0.6162023900
-0.7765926700
-0.8707049900
-0.9830528300
-1.0961821000
-1.1957815000
-1.2147830000
-1.1850700000
-1.1975458000
-1.1965686000
-1.1652328000
-1.1526582000
-1.1266648000
-1.1405531000
-1.1077283000
-1.1008365000
-1.1097654000
-1.1754088000
-1.2229804000
-1.1947184000
-1.2415114000
-1.2355931000
-1.2174054000
-1.1774664000
-1.2217810000
-1.0150249000
-0.9712193800
-0.9762547300
-0.9546404000
-0.9615581300
-0.9617089500
-0.9672194500
-1.0185150000
-1.0463714000
-1.0527789000
-1.0671118000
-1.1117653000
-1.1822843000
-1.2226863000
-1.3090561000
-1.3285811000
-1.3350730000
-1.3143767000
-1.2931866000
-1.3154947000
-1.3134635000
-1.3394816000
-1.3306495000
-1.3515165000
-1.3292509000
-1.3114488000
-1.3227993000
-1.3354352000
-1.2932014000
-1.3045715000
-1.4677517000
-0.8775067200
-0.2789143100
0.3466463100
0.5385300600
0.5154465300
0.5908036300
0.6301139300
0.7092613200
0.7170192400
1.0154756000
1.0546808000
1.1239587000
1.1628530000
1.2224583000
1.2764519000
1.2865126000
1.2567596000
1.2569254000
1.1922352000
-4.9818566000
1.1741931000
-2.3305650000
1.3076840000
0.9929678300
1.0271655000
0.6334495400
1.0790964000
1.0882768000
0.8874718800
0.8437334600
0.9424127200
0.9389268500
0.8866142600
0.8509011600
0.9310290500
0.8682271300
0.8246494200
0.7466397600
0.8336701600
0.8131540800
0.3395550100
-0.0921057420
-0.5585097400
-1.0369746000
-1.3766982000
-1.7304274000
-1.8457365000
-1.8922853000
-1.9291195000
-2.2099849000
-1.5568315000
-0.8205704700
-0.4099121300
0.0619813290
0.3207998000
0.6008879900
0.8630058300
0.9239631900
0.8708274100
1.1455195000
1.0975683000
1.0670588000
0.9996318000
0.9165582000
0.9342620600
0.9710011200
0.9441197900
0.9368257500
0.9802148000
0.9423316000
0.4293485800
0.0241066070
-0.4427565400
-0.9107756800
-1.1137857000
-1.3688560000
-1.5474945000
-1.5943202000
-1.6783491000
-1.9403236000
-1.3081801000
-0.7640351500
-0.3024291700
0.2141946600
0.5055405700
0.5908541600
0.5325954300
0.6298886800
0.6557077300
0.9099401700
0.8866888800
0.9604564900
1.0504411000
1.0486865000
1.0826033000
1.1181656000
1.1225356000
1.1591595000
1.1177362000
1.1111176000
1.1130064000
1.0813672000
1.0951110000
1.0712526000
1.0559120000
1.0363140000
1.0172662000
1.0210751000
1.0224623000
0.7566002400
0.7905152600
0.9702729200
0.9936055800
0.8816827400
0.9298255100
0.9119991100
0.9072545800
0.8337729400
0.8630803700
0.8887241800
0.8623719100
0.9103356000
0.8078328700
0.9084596000
0.8108615800
0.8144208800
0.8785142100
0.7945807800
0.8421448300
0.7961333900
0.4304212600
0.1066877300
-0.2514500700
-0.5761159700
-0.8944044700
-1.0381203000
-1.1048325000
-1.1684213000
-1.1866974000
-0.9604381100
-0.5724610900
-0.2653499500
0.0550262120
0.2462364300
0.2949267400
0.5551815200
0.7226051900
0.7845313200
0.9233870000
0.9798270500
0.4935217500
0.0767211570
-0.3135186100
-0.6463807800
-0.8212365800
-1.0153400000
-1.2388213000
-1.3632932000
-1.3819370000
-1.4756265000
-0.9973090600
-0.5262781400
-0.1618383900
0.1294868400
0.3751817500
0.5484054700
0.7056877200
0.8142691400
0.8888521500
0.9194446400
0.9639024000
0.9793492700
1.0185783000
0.9879663700
1.0015431000
1.0401369000
0.9996399100
1.0077260000
0.9329340200
0.7509111900
0.8043579900
1.0037152000
1.0142181000
1.0320824000
0.9709207900
0.9560743100
0.9404220000
0.8717028400
0.8801045400
0.8640551600
0.4971170500
0.0567979860
-0.2431607500
-0.5799270800
-0.9470435600
-1.1003842000
-1.1610900000
-1.3301463000
-1.3393235000
-1.1924615000
-0.7330319100
-0.3238563800
0.0575433790
0.3299037400
0.5737322100
0.7891838900
0.9060642100
1.0488320000
1.1112904000
0.9287655100
1.0669877000
1.0099630000
0.9227083200
0.9140593200
0.8534943800
0.8555857600
0.8161989300
0.8030162900
0.7912754900
0.7836257900
0.7676904000
0.7515337700
0.7559614400
0.7569463100
0.7597428700
0.7718363400
0.7864354600
0.8066397900
0.7838850200
0.7710309400
0.7726637200
0.9134005600
0.8689074300
0.9121357300
0.9707790700
0.9538492400
0.9878140500
0.9328425800
0.9565284100
1.1390196000
0.7118378400
0.2215370100
-0.3023520500
-0.6569527100
-1.0593416000
-1.2938666000
-1.4212308000
-1.4682107000
-1.6098602000
-1.8535699000
-1.2000971000
-0.6355294400
-0.0897570950
0.2695078300
0.6465433400
0.6919462400
0.6332663400
0.7897838900
0.8421518600
1.0551774000
0.6592014700
0.1183894500
-0.3890942400
-0.7716446800
-1.0324208000
-1.1455352000
-1.3952018000
-1.3579434000
-1.4080642000
-1.6862205000
-1.7133675000
-1.4489655000
-1.3564404000
-1.3583859000
-1.1729710000
-1.1462229000
-1.1443573000
-1.0092150000
-1.0351144000
-0.7499336500
-0.8778345700
-1.0103200000
-1.0529583000
-1.0773634000
-1.1643494000
-1.2082640000
-1.2035771000
-1.2509612000
-1.2311640000
-1.3452123000
-0.5714958000
-0.2556923500
0.1961778900
0.4458945100
0.6350719400
0.8586854700
0.9455452400
1.0167715000
1.0699365000
1.0862758000
1.0392004000
1.0076803000
1.0964674000
1.1242269000
1.0057189000
0.9353469300
0.8995456000
0.9835826800
0.9673320000
0.6944889100
0.6864301400
1.0047959000
1.0279228000
1.0289911000
0.9163682100
0.9424502100
0.9397991200
0.9122084600
0.8375260600
1.0761307000
0.6505533900
0.1294613100
-0.3551437600
-0.8633202500
-1.2406156000
-1.3773190000
-1.4868108000
-1.5138648000
-1.5475318000
-1.7985047000
-1.1558611000
-0.4155619600
0.0570554990
0.3719196700
0.4117941700
0.5801029200
0.6808201400
0.8180392700
0.8208523100
1.0644718000
0.6846995400
0.1351432200
-0.3075028200
-0.6712621700
-0.9359466600
-1.1272718000
-1.2228525000
-1.3139606000
-1.3743280000
-1.6698439000
-1.6519415000
-1.3919756000
-1.3269191000
-1.3173146000
-1.1199855000
-1.1396077000
-1.0668290000
-1.0292412000
-1.0303342000
-0.3523995300
-0.3576842300
-0.0571138920
0.2518696200
0.3194984800
0.5441043300
0.7340220700
0.8551485800
0.9861815900
1.0773249000
1.1348771000
1.1641167000
1.2492794000
1.3012168000
1.2601377000
1.2468538000
1.2290579000
1.1792336000
1.1005622000
1.1695243000
1.1265406000
0.6262750200
0.1941494900
-0.2651913500
-0.7441230100
-1.0577366000
-1.6392994000
-1.8344483000
-1.8155733000
-1.8511577000
-2.0947324000
-1.4394983000
-0.8027813200
-0.2979955300
0.0934953920
0.4814970400
0.6121417700
0.5475502200
0.5815889700
0.6745932000
0.6718433500
0.3133971800
-0.0581607320
-0.2555589600
-0.4739552100
-0.6902785900
-0.8579092400
-0.9780942800
-1.0546621000
-1.1711187000
-1.1861862000
-0.7669912400
-0.4271279800
-0.1551839000
0.0214840060
0.2491315900
0.3480826500
0.4512001900
0.4981632200
0.6342253000
0.6868615500
0.8253962600
0.9801553900
1.0111616000
1.0599257000
1.1595484000
1.1152066000
1.1391799000
1.1265277000
1.1451935000
1.0969832000
1.0582073000
1.0524910000
1.0898327000
0.9805455000
1.0290342000
0.9628442500
0.9263059700
0.9865197300
0.9294997900
1.1525752000
0.6867384900
0.1828151700
-0.3437084500
-0.8020586100
-1.1450689000
-1.3349749000
-1.4570726000
-1.5158100000
-1.5046495000
-1.7550455000
-1.1431294000
-0.4529855200
0.1045574600
0.3328824000
0.2797622500
0.4109902700
0.4732145200
0.5741470100
0.6605861700
0.8450982900
0.9486311300
1.0982593000
1.2143578000
1.2713899000
1.2423282000
1.3209429000
1.2905980000
1.2573040000
1.1994575000
1.1567829000
1.1278775000
1.0754941000
1.1064532000
1.0295872000
0.9525600500
0.9366601700
0.9160267200
0.8580402600
0.8178829400
0.7879661600
0.7196536300
0.7879434700
0.7244364700
0.6814206100
0.7065037900
0.6438398900
0.6278468200
0.6942430000
0.6412506900
0.3733129600
0.5530258400
0.6700930300
0.7313717100
0.8737838200
0.9277838900
0.9837198300
0.9350773100
0.8066965500
0.8243293800
0.8142403600
0.7679486600
0.7464041100
0.7715979900
0.7504573800
0.7146130300
0.7294681100
0.7311439800
0.7231639800
0.7350320900
0.7693923500
0.3900530600
0.0151415550
-0.3568593300
-0.6990100400
-0.8723505200
-1.0057347000
-1.1835408000
-1.2776343000
-1.3006248000
-1.3861657000
-1.3726333000
-1.3248788000
-1.2981098000
-1.2411327000
-1.2549880000
-1.1946488000
-1.1617915000
-1.1567478000
-1.1340517000
-0.9159710900
-0.9156919400
-0.9402427900
-0.9936154400
-0.9965883900
-1.0638613000
-1.0640306000
-1.0580670000
-1.1342463000
-1.1216563000
-1.3460351000
-0.7711670900
-0.1491005400
0.2210232400
0.3196996100
0.3736280000
0.4426137100
0.9674595600
1.0247419000
0.6643572900
0.9207126100
1.0293954000
1.1034365000
1.6256180000
1.2740252000
1.3436705000
1.3033322000
1.2769701000
1.2061070000
1.2378665000
1.1375611000
1.1112403000
1.0864463000
1.0103025000
0.9610837400
0.8989952800
1.3419939000
0.7774142700
0.8493119500
0.8916343600
0.8556839400
0.3706764500
-0.1047843800
-0.5909520200
-1.0397460000
-1.2473561000
-1.4183679000
-1.5487262000
-1.6191923000
-1.6656424000
-1.7131116000
-1.1161941000
-0.5388184500
-0.1556399500
0.1277654000
0.4286159000
0.6010285900
0.7485837800
0.8570745200
0.9464231400
0.7019916300
0.8451386700
0.9918556500
1.0163679000
1.1528735000
1.1242201000
1.0144892000
1.0222105000
0.9593762000
0.9149088300
0.8884413300
0.8484491700
0.8598885000
0.8171035500
-5.1040906000
0.9920356000
0.8710786200
0.7870784600
0.8029809000
0.7263186400
0.7789564900
0.7702298900
0.7037993100
0.7088629700
0.6417261500
0.6641246400
0.6663699900
0.6290275200
0.6546128100
0.6907898900
0.8138085000
0.4216818800
-0.0019009454
-0.4400761000
-0.6811156400
-0.8790914300
-1.1170377000
-1.2390227000
-1.2869396000
-1.4249266000
-1.7212700000
-1.0617902000
-0.5206380300
0.0140301710
0.3629819700
0.5748554400
0.6012016400
0.7456382000
0.7962952800
0.7673367600
0.8724129500
0.4802169700
0.1114311700
-0.2519076200
-0.5305988800
-0.6802231600
-0.9093189200
-1.0261950000
-1.4273222000
-1.2138590000
-1.0444857000
-0.6276028500
-0.2336414900
0.1144357100
0.3799345000
0.6012520400
0.8567168800
1.1612563000
1.2075870000
1.2958445000
1.0831440000
0.8640279700
0.2786451400
-0.1583522000
-0.6064813600
-0.9632989700
-1.1253756000
-1.2774834000
-1.4582463000
-1.4987578000
-1.5541786000
-1.0957728000
-0.5972011600
-0.1397782600
0.1182761000
0.3282547700
0.5828391600
0.6103881800
0.7373519200
0.8977052400
0.6350877900
0.2505739700
-0.0465366330
-0.3706067100
-0.6938745100
-0.9897153600
-1.0925424000
-1.1205976000
-1.1703797000
-1.1736283000
-0.9624769500
-0.5837154100
-0.2405484000
0.1075302600
0.4129434600
0.5417300500
0.7590513100
0.9359804200
1.0001583000
1.0778594000
0.9688773600
0.9971126800
1.0366942000
0.9319214700
0.9081274900
0.8391317100
0.8469215700
0.7785456000
0.7799612700
0.7770148500
0.7853535000
0.7829999900
0.8884485900
0.8819507400
0.8920053100
0.8867106700
0.9518156200
0.9808658000
0.9872435300
1.1279577000
1.1787103000
1.1967059000
1.0404524000
1.0419886000
1.0522028000
1.1420784000
1.0402451000
1.0490620000
1.0328628000
1.0816262000
0.8127468600
0.3914040300
0.1324857000
-0.2860231400
-0.6003531000
-0.8933566800
-1.0363027000
-1.0441518000
-1.1548316000
-1.1304953000
-0.9312823500
-0.9781072500
-1.0758357000
-1.2000585000
-1.2139800000
-1.3128647000
-1.3161342000
-1.3567384000
-1.3357689000
-1.3936122000
-1.6473822000
-0.9261019400
-0.2775148400
0.1412311700
0.1950467400
0.3326775400
0.4056501900
0.4967589000
0.6317365900
0.6486048700
0.9713827900
0.4866564000
0.1102007400
-0.2333198500
-0.4990709700
-0.6989704600
-0.9669632100
-1.1080498000
-1.3119798000
-1.3872870000
-1.5022143000
-0.9850879100
-0.4494022400
-0.1107728800
0.1730043300
0.4371664500
0.6185514700
0.7810231700
0.8231846600
1.0181159000
0.9368814400
0.4727146200
-0.0335228530
-0.5217900700
-0.8791468400
-1.1557470000
-1.2913682000
-1.5093384000
-1.5496985000
-1.5843436000
-1.6118557000
-1.0554003000
-0.4226251000
-0.1418297100
0.2353368700
0.4937122300
0.6879544800
0.7797213500
0.9048473000
0.9475791600
0.8844206100
0.5735363000
0.0488077780
-0.5096961300
-0.9114866400
-1.3135164000
-1.5752596000
-1.6743549000
-1.7641608000
-1.8761303000
-2.1632233000
-1.4650738000
-0.8411258300
-0.3128927200
0.1539545400
0.5214938000
0.5869496800
0.5405697100
0.6500081800
0.6050623400
0.7175574300
0.7057445100
0.7444330600
0.7385087600
0.7794411100
0.7918403100
0.8087871300
0.7785785700
0.8524302700
0.8331456800
0.8303243500
0.4510217500
0.0610489420
-0.1640743400
-0.3670292200
-0.5803535200
-0.6648141600
-0.7759269200
-0.9001916800
-0.9413983300
-0.8096698700
-0.9446765700
-1.0642492000
-1.1722687000
-1.2597300000
-1.2861662000
-1.2869107000
-1.2246918000
-1.2856740000
-1.3265817000
-1.2644220000
-1.2783666000
-1.1605287000
-1.2035884000
-1.2600863000
-1.1995113000
-1.2463435000
-1.2902432000
-1.2480406000
-1.3082639000
-1.3817619000
-1.3190216000
-1.3791840000
-1.4272467000
-1.3917369000
-1.4271744000
-1.5455282000
-1.4694501000
-1.4906615000
-1.5728590000
-1.5892666000
-0.9363712300
-0.4672960000
-0.0845694280
0.1966356900
0.3685265300
0.5376055900
0.6882037400
0.9582812500
1.0487735000
0.8461391300
0.8647650600
1.1628839000
1.2342102000
1.1045442000
1.0824253000
1.0564458000
0.9970234000
1.0024342000
0.9860227300
0.9175452200
0.5219740700
0.2450530800
-0.2083664800
-0.4669040800
-0.8763962800
-0.9742781200
-1.0767507000
-1.1132139000
-1.1329464000
-0.9728518000
-0.5665148800
-0.1899547400
0.0678251230
0.2728901100
0.3325521700
0.5454173900
0.7519060800
0.8884353000
1.0085769000
1.0171792000
0.5302085800
0.0018689600
-0.3968450700
-0.7234252300
-0.9493645900
-1.1509007000
-1.2905034000
-1.3703896000
-1.4614747000
-1.5123447000
-1.5311329000
-1.4940001000
-1.5806663000
-1.5756715000
-1.5810438000
-1.5842813000
-1.5568726000
-1.5135584000
-1.5074864000
-1.5106540000
-0.8744665700
-0.3340211000
0.0691263670
0.4096082000
0.7158901700
0.8755914200
1.0134740000
1.1107014000
1.1532576000
0.9603091700
0.6201476900
0.2529042300
-0.1693413600
-0.4485689900
-0.6162644900
-0.8023565800
-0.9605733800
-1.1057509000
-1.1820437000
-1.2028182000
-1.2752858000
-1.1699021000
-1.2159918000
-1.1529360000
-1.1398039000
-1.1426462000
-1.1409792000
-1.1245784000
-1.1089987000
-1.1310649000
-1.1271249000
-1.2331031000
-1.2227448000
-1.2212351000
-1.2638694000
-1.2547260000
-1.2072846000
-1.2623191000
-1.1975296000
-0.9564336600
-0.9262174000
-0.9011223200
-0.9080631800
-0.8852750600
-0.9271008200
-0.9706028200
-0.9935021500
-1.0034301000
-1.0083707000
-1.1153983000
-1.1793799000
-1.2117992000
-1.2754096000
-1.2879079000
-1.3570845000
-1.3818557000
-1.3555620000
-1.3669236000
-1.3566408000
-1.3993455000
-1.3757300000
-1.3870640000
-1.4154668000
-1.4037786000
-1.4046188000
-1.3956902000
-1.3974242000
-1.3933140000
-1.4004825000
-1.6289721000
-0.9450107300
-0.1922900300
0.3209570900
0.4908057200
0.4196177700
0.5872156400
0.5626404000
0.6306447100
0.7400004000
1.0316888000
1.0921914000
1.1372196000
1.2277607000
1.2902918000
1.3050203000
1.3031149000
1.2690727000
1.2876545000
1.2822176000
1.2628261000
1.2480279000
1.1854901000
1.1553935000
1.1567108000
1.0981859000
1.0971367000
1.0950428000
1.0673372000
1.0450847000
1.0463432000
1.0741912000
1.0548976000
1.0572861000
1.0448905000
1.0102069000
0.9606808300
1.0078763000
0.8873978900
0.9059525500
0.9011746000
0.3732026700
-0.0768866950
-0.5458883300
-1.0874106000
-1.5132382000
-1.7514738000
-1.9227072000
-1.9937803000
-2.0168397000
-2.2925835000
-1.5827481000
-0.9202174700
-0.3485195000
0.1169596300
0.4400744400
0.7446267900
0.7452879400
0.7040317400
0.7975318900
1.0227878000
1.0060389000
0.9934287300
0.9995087900
1.0099167000
1.0419511000
1.1077709000
1.0746652000
1.0727333000
1.0393425000
1.0728313000
0.6198296800
0.1583772300
-0.3752541800
-0.8575282800
-1.1476887000
-1.3959995000
-1.5383959000
-1.6030977000
-1.7428609000
-2.0619750000
-1.3327957000
-0.7370235900
-0.1848248700
0.2667540800
0.4139057000
0.3904139600
0.5407320500
0.4464340900
0.5810403200
0.8678433500
0.9063311200
0.9853867200
1.0576256000
1.1633693000
1.1655993000
1.1442760000
1.1969904000
1.1880552000
1.1766847000
1.1892400000
1.1815436000
1.1437795000
1.1161972000
1.0868598000
1.1327912000
1.0906328000
1.0823869000
1.0307495000
1.0578362000
0.8320290400
0.8824985000
0.9958886200
0.8131365100
0.8969787900
0.9154370000
0.8684902500
0.8387945300
0.8652502100
0.7802255100
0.8241694200
0.8689756200
0.8196750500
0.8248512600
0.8024485000
0.8428195400
0.8242827500
0.8418102800
0.8293632900
0.8167134600
0.8003695900
0.4795224600
0.1224309000
-0.2540055700
-0.5910321300
-0.7676663600
-0.9067390700
-0.9844816000
-1.0545054000
-1.1335445000
-1.0053227000
-0.5836842900
-0.2754807300
0.0020795746
0.1693657600
0.3863602700
0.6140710100
0.7563352400
0.8440406100
0.9507720800
1.0319254000
0.6035980500
0.1469915800
-0.2540555300
-0.5904684000
-0.8630758000
-1.1245463000
-1.2576235000
-1.3940518000
-1.5247553000
-1.6035405000
-1.0919339000
-0.6360963300
-0.2091091500
0.0715548450
0.2846609800
0.5017047200
0.6969945500
0.8381324600
0.8924827600
0.9990349500
0.9795712400
1.0070979000
1.0227801000
0.9836264000
1.0854294000
1.0371255000
1.0115996000
1.0040738000
1.0301746000
0.7990759200
0.8383036700
1.1017734000
0.9790015400
0.9780336600
0.9677295500
0.8488331800
0.9326224000
0.8667701500
0.8840162100
0.8885485300
0.4095283200
0.0115451810
-0.3255952200
-0.7126274900
-0.8787236500
-1.0479293000
-1.1726537000
-1.3042636000
-1.3206204000
-1.1541293000
-1.1832116000
-0.3033970000
0.0513178110
0.5042142000
0.6177511800
0.8767680100
1.0124047000
1.0741228000
1.1562925000
0.9869319700
1.0429401000
0.9562321500
0.9193792400
0.9132168900
0.8331154300
0.8465791700
0.7748128700
0.7818966200
0.7817397700
0.7841671100
0.7337735500
0.7013954800
0.7541849600
0.7309844700
0.7458187700
0.7766628100
0.7337772600
0.8038090300
0.7778255000
0.7951106900
0.8622797700
0.8847992500
0.9339107300
0.9571135600
1.0132250000
1.0033570000
0.9609569900
0.9951648000
1.0094950000
1.2046835000
0.7182488300
0.1765631600
-0.3078791600
-0.7412508600
-1.1318651000
-1.1727448000
-1.3995749000
-1.5675971000
-1.6511549000
-1.8749158000
-1.2044042000
-0.5939075300
-0.0772904430
0.3462214800
0.6504567300
0.5965136000
0.7301917500
0.7915100900
0.7902011500
1.1134419000
0.6144932900
0.0480875310
-0.5423711300
-0.7647348200
-1.0213390000
-1.1937994000
-1.3372349000
-1.4083890000
-1.5061657000
-1.7077830000
-1.7415278000
-1.4494575000
-1.4271255000
-1.3094101000
-1.1836806000
-1.1674804000
-0.9937434900
-1.0400204000
-1.0117309000
-0.8466183200
-0.8571617000
-0.9757790000
-1.0104081000
-1.0390485000
-1.1329316000
-1.1347732000
-1.1679726000
-1.1753273000
-1.2150090000
-1.2437573000
-0.6162250100
-0.1661271600
0.2516783700
0.5322845000
0.7600824600
0.9310206100
1.0596185000
1.1008075000
1.1674720000
1.2092201000
1.1414328000
1.1545376000
1.0806575000
1.0240554000
1.0014731000
1.1707833000
1.0520686000
0.9717190800
1.0361277000
0.7116162400
0.7762120000
1.0527070000
1.0347865000
0.9189234600
0.8795222400
0.9389406000
0.8952580600
0.8496580400
0.8182765400
0.9865453000
0.5829710500
-0.0369507010
-0.5314000300
-0.9677388700
-1.2890913000
-1.3797866000
-1.4491720000
-1.5339817000
-1.6203763000
-1.8645867000
-1.2447525000
-0.3703133000
0.0680071860
0.3864981800
0.4035374900
0.5552927700
0.7186569100
0.7284543100
0.8137112800
1.0793288000
0.5770218500
0.1312778200
-0.3733534400
-0.6792524200
-0.9255408200
-1.1241039000
-1.2314032000
-1.3517161000
-1.4289721000
-1.6889447000
-1.7104489000
-1.5348043000
-1.5951198000
-1.2805411000
-1.1719399000
-1.1602032000
-1.0154117000
-1.0188942000
-1.0036204000
-0.9657215500
-0.6138538800
-0.0885502320
0.2246889100
0.3852640500
0.5105903800
0.7181515700
0.8359616000
1.0299638000
1.0517243000
1.0926402000
1.2208824000
1.2934181000
1.2007067000
1.2357815000
1.2992251000
1.3062271000
1.1984881000
1.1942924000
1.1702885000
1.0656114000
0.6149424500
0.1221194400
-0.3684093300
-0.8460457900
-1.3352284000
-1.7070541000
-1.8415144000
-1.9059057000
-1.9344940000
-2.3039991000
-1.5086168000
-0.8014504200
-0.3224336400
0.1715113500
0.4661917700
0.4214988900
0.4527649800
0.5692123600
0.5945198000
0.6733605400
0.2248360900
-0.0721002910
-0.3250496300
-0.5325023000
-0.7197596700
-0.8910762800
-1.0177281000
-1.1172876000
-1.2044320000
-1.1900985000
-0.7586676500
-0.4297232700
-0.1740482200
0.0382181170
0.2038625700
0.3733818800
0.4440798500
0.5329203100
0.6820385500
0.7883891700
0.8971084900
0.9591957600
1.0178454000
1.1147146000
1.0714363000
1.1777407000
1.0891863000
1.1485388000
1.1184036000
1.1169586000
1.0680771000
1.0297677000
1.0831268000
1.0723075000
0.9897439900
0.9606920700
0.9673006100
0.9427027800
0.9437719400
1.1013104000
0.6687042400
0.1338370100
-0.3971834500
-0.8565490400
-1.1634770000
-1.3740987000
-1.4656674000
-1.5326104000
-1.5823751000
-1.8493118000
-1.2257988000
-0.4765837400
0.0640035640
0.2775111600
0.1988501900
0.3393471000
0.3806353700
0.5440749600
0.5930936400
0.8750045200
0.9751864500
1.1306020000
1.2008752000
1.3217005000
1.3823274000
1.3381062000
1.3708756000
1.3262513000
1.2669986000
1.2725237000
1.1847757000
1.1370981000
1.0426543000
1.0640249000
0.9902749400
0.9263250600
0.9461822400
0.8850986400
0.8503556100
0.8499802500
0.7755716300
0.7691143200
0.7892027900
0.7101808200
0.7247234200
0.7582582200
0.6653767900
0.6482542800
0.7009751200
0.3647859700
0.5050217200
0.7055602200
0.6789770000
0.9342914700
0.8988325800
0.8834896600
0.7854549900
0.7428295700
0.7698512000
0.7275563300
0.7162172400
0.6693466700
0.7249753900
0.7410203600
0.6915747200
0.7144784500
0.7759537800
0.7759887600
0.7324746200
0.7064189100
0.3350828600
-0.0678748160
-0.3767175700
-0.6633567300
-0.8659714600
-1.0377191000
-1.1794699000
-1.2745760000
-1.3393849000
-1.3646438000
-1.3573400000
-1.2653782000
-1.3150427000
-1.2519681000
-1.2324942000
-1.2234136000
-1.1711549000
-1.1801366000
-1.1781457000
-0.8922680600
-0.9354487000
-0.9586757800
-0.9818005300
-1.0085366000
-1.0129797000
-1.0194187000
-1.0610591000
-1.0979964000
-1.1429501000
-1.4319864000
-0.5529377600
-0.1177826000
0.1072887500
0.2482025000
0.2903508900
0.4160402800
0.5183894300
0.5718191100
0.5824612000
0.9735782500
1.0133661000
1.2061296000
1.2711790000
1.3533008000
1.4093860000
1.3889512000
1.3637751000
1.3221003000
1.2441432000
1.2284201000
1.1694716000
1.1043417000
0.9725134900
0.9494637500
0.9602454300
0.9471323700
0.9018587800
0.8397877700
0.8636605500
0.8568061800
0.4079579400
-0.1311846000
-0.6038650100
-1.1052335000
-1.3660424000
-1.5396643000
-1.6713908000
-1.7185874000
-1.7859654000
-1.7963529000
-1.1730658000
-0.6187907900
-0.1133160700
0.1465720800
0.4616354200
0.6745066200
0.7279985600
0.8973762300
0.9242763900
0.8674346800
1.0768806000
1.3872061000
1.3326569000
1.2843540000
0.8958866300
1.0500647000
0.9178047100
0.8975972500
0.9246519400
0.8072266800
0.8010085500
0.8513119300
0.7966134200
0.8293273800
0.8444701500
0.8034285100
0.8583213100
0.7818032200
0.7840128200
0.7923611700
0.7566403900
0.6872481400
0.6740668900
0.6559253400
0.6488637100
0.6469096100
0.6685474600
0.6275002400
0.5326144900
0.8126268300
0.4428210900
0.0178098190
-0.2329298500
-0.7137690900
-0.9503050300
-1.1086551000
-1.2703106000
-1.3903382000
-1.4743519000
-1.7388066000
-1.1263921000
-0.4568574800
0.0460291140
0.4727501600
0.4877052100
0.6193417200
0.7423494900
0.6712020900
0.8337631000
0.7630155300
0.4562262600
-0.0317333470
-0.3011267700
-0.4862746200
-0.7094527200
-0.8959118900
-1.0348101000
-1.1199109000
-1.2313907000
-1.0050425000
-0.6005073900
-0.1705686000
0.2123292600
0.4691301400
0.6501863000
0.9000266500
1.0711928000
1.1913818000
1.1748323000
1.2548649000
0.8176725200
0.2700063000
-0.2295471700
-0.7230726100
-1.0099911000
-1.1847697000
-1.3753073000
-1.5157979000
-1.6014156000
-1.6493850000
-1.1254741000
-0.5687248300
-0.2619512600
0.0817169490
0.3732445300
0.6797629200
0.6391747600
0.8131968600
0.8769264200
0.7673123100
0.2811780000
-0.1214906300
-0.4758000200
-0.7924525700
-1.0822482000
-1.1313995000
-1.0959936000
-1.1560383000
-1.1528901000
-1.0173418000
-0.6326098800
-0.2297894700
0.1189149100
0.4759363300
0.5531030800
0.7645791200
0.9455945700
1.0314733000
1.1400930000
0.9404446600
1.0099356000
0.9228128900
0.8446635000
0.8753501100
0.7613445400
0.7527080300
0.7272466500
0.7948970100
0.7195353000
0.7500628000
0.7594048500
0.8002847400
0.8798954400
0.8105664300